1 0.656547059375 0.48224919374999997 0.652714575 0.48599045625 0.5262419265625 0.45227403906249997 0.5123440859375 0.5176582375 0.6507774562499999 0.5379713859375 0.656547059375 0.48224919374999997
1 0.638290275 0.5467068687500001 0.6367740937499999 0.5395507671875001 0.492928859375 0.50897551875 0.4781044953125 0.5787186625 0.628624984375 0.59932306875 0.638290275 0.5467068687500001
1 0.6134846296875 0.634829909375 0.6158641359375 0.6307798015625 0.46197441875 0.6117371890625 0.45237232812499995 0.6712006484375 0.6192124859375 0.6793283078125001 0.6134846296875 0.634829909375
1 0.6011661687500001 0.71421746875 0.6005765125 0.7027024203125001 0.45395170625 0.6852040109375 0.4475924453125 0.7294111578125 0.590911221875 0.75531861875 0.6011661687500001 0.71421746875
1 0.4311452296875 0.413837071875 0.4267862828125 0.41291054843749997 0.2659685234375 0.3764497375 0.2553135125 0.42657762187500003 0.423796246875 0.45555590625000003 0.4311452296875 0.413837071875
1 0.38867245625 0.5779328375 0.393957925 0.5745004140625001 0.23882569843749998 0.525580440625 0.228697146875 0.5803761140625 0.387135403125 0.6208870328125 0.38867245625 0.5779328375
1 0.3594237921875 0.708392390625 0.360350315625 0.70403344375 0.201575196875 0.6793965203125001 0.1857611109375 0.7466513499999999 0.35609689218749996 0.7669117421875 0.3594237921875 0.708392390625
1 0.340682871875 0.8251398375000001 0.34160939375 0.8207808890624999 0.1746428390625 0.798958709375 0.163587765625 0.8581133265625001 0.3328706265625 0.8690381421875 0.340682871875 0.8251398375000001
1 0.22673857968750002 0.5252891875000001 0.22383261562499998 0.5246715046875 0.0301859234375 0.4926224 0.024669109375 0.5757336390625001 0.21244067656249999 0.5997001203125001 0.22673857968750002 0.5252891875000001
1 0.27881344375 0.301729965625 0.2768971984375 0.3036005984375 0.08794631875 0.25660401875 0.076828046875 0.3089113796875 0.2633362265625 0.35311079843750004 0.27881344375 0.301729965625
1 0.3108416734375 0.15819356874999999 0.3146741609375 0.15445230468749999 0.13576775937500002 0.09592309375 0.12557601093749998 0.1438715046875 0.308378096875 0.2055067125 0.3108416734375 0.15819356874999999