1 0.3703125 0.5390625 0.13515625 0.03984375
1 0.37109375 0.63828125 0.1515625 0.0421875
1 0.36875 0.72890625 0.14296875 0.0359375
1 0.36796875 0.79296875 0.15 0.03984375
1 0.190625 0.64921875 0.16484375 0.02421875
1 0.196875 0.75078125 0.1734375 0.03125
1 0.1890625 0.7953125 0.17109375 0.03125
1 0.51640625 0.49453125 0.14140625 0.03984375
1 0.66484375 0.4921875 0.14375 0.03125
1 0.52421875 0.59296875 0.1484375 0.03984375
1 0.52421875 0.72421875 0.1453125 0.04921875
1 0.67578125 0.671875 0.13359375 0.0375
1 0.678125 0.7328125 0.146875 0.0359375
1 0.8203125 0.6828125 0.13515625 0.03359375
1 0.67265625 0.8203125 0.1453125 0.03984375