1 0.5 0.61484375 1 0.7703125
1 0.41079735 0.589487540625 0.44854070156250003 0.5126937203125 0.6333347140625001 0.49142223749999997 0.6248225484375001 0.443147346875 0.44118928593750006 0.47100177031249996 0.4033611453125 0.53876039375 0.40043539375000003 0.5392762828125 0.41079735 0.589487540625
1 0.42119634687499996 0.682680471875 0.473048990625 0.626024175 0.6614577984375 0.5995902281250001 0.6537194656249999 0.555703965625 0.46285661562499997 0.593883309375 0.416685890625 0.6314374359375 0.4149208890625 0.6385362640625 0.42119634687499996 0.682680471875
1 0.8114663562500001 0.4238122296875 0.6859611937500001 0.439154565625 0.6856590671875 0.44599544843750005 0.694473359375 0.48742945625 0.822432565625 0.460341721875 0.8114663562500001 0.4238122296875
1 0.8749421093749999 0.6298232968749999 0.7301174390625 0.65535979375 0.733817025 0.65923253125 0.7379405625000001 0.7082812546875 0.882680440625 0.6737095578125001 0.8749421093749999 0.6298232968749999
1 0.9662183140625 0.48023915468749995 0.8387785671874999 0.4846099234375 0.8354659 0.48293149843750005 0.8469886078125001 0.5397256984375 0.971635146875 0.5109595375 0.9662183140625 0.48023915468749995
1 0.682520878125 0.736153534375 0.4967356953125 0.768912475 0.498670278125 0.779884040625 0.5061064859375 0.8306111875 0.6947326281249999 0.7883011625 0.682520878125 0.736153534375
1 0.33046875 0.709375 0.178125 0.0765625
1 0.34140625 0.771875 0.171875 0.0703125
1 0.35390625 0.83828125 0.1765625 0.071875
1 0.365625 0.9078125 0.1734375 0.0640625
1 0.40234375 0.9703125 0.2296875 0.059375