1 0.4796875 0.034375 0.215625 0.06875
1 0.4640625 0.1234375 0.21875 0.1
1 0.34140625 0.27578125 0.2125 0.1015625
1 0.29453125 0.5484375 0.2140625 0.084375
1 0.26875 0.7203125 0.2203125 0.0921875
1 0.25078125 0.82265625 0.2140625 0.071875
1 0.2375 0.93359375 0.221875 0.090625
1 0.54375 0.375 0.2015625 0.0875
1 0.51328125 0.53046875 0.2203125 0.0953125
1 0.4828125 0.6953125 0.2203125 0.103125
1 0.471875 0.8015625 0.20625 0.084375
1 0.453125 0.91875 0.2140625 0.0921875
1 0.66328125 0.94453125 0.2171875 0.090625
1 0.68046875 0.83203125 0.2015625 0.0828125
1 0.709375 0.67109375 0.2125 0.078125
1 0.72421875 0.553125 0.215625 0.0984375
1 0.75703125 0.2859375 0.2046875 0.078125
1 0.32578125 0.38359375 0.2171875 0.09375