1 0.40546875 0.03125 0.2078125 0.0625
1 0.40546875 0.13359375 0.2109375 0.0671875
1 0.30859375 0.303125 0.203125 0.07109375
1 0.3046875 0.5796875 0.2078125 0.053125
1 0.30625 0.75390625 0.2140625 0.06015625
1 0.3046875 0.8578125 0.2109375 0.03984375
1 0.30859375 0.96953125 0.215625 0.0578125
1 0.5234375 0.36953125 0.19453125 0.0578125
1 0.51796875 0.528125 0.2125 0.0625
1 0.51328125 0.6953125 0.2125 0.07109375
1 0.51953125 0.80234375 0.20078125 0.053125
1 0.51953125 0.92109375 0.2078125 0.06015625
1 0.73046875 0.91328125 0.2109375 0.0578125
1 0.73046875 0.8 0.19609375 0.053125
1 0.73359375 0.6359375 0.2078125 0.046875
1 0.7296875 0.5171875 0.2078125 0.0671875
1 0.7203125 0.2484375 0.19921875 0.046875
1 0.309375 0.4125 0.209375 0.0625