1 0.503125 0.0359375 0.215625 0.071875
1 0.52265625 0.12265625 0.2203125 0.10625
1 0.65 0.2703125 0.2125 0.1078125
1 0.70703125 0.540625 0.2140625 0.0921875
1 0.73828125 0.7125 0.221875 0.1
1 0.76015625 0.8140625 0.2140625 0.0796875
1 0.77734375 0.92421875 0.2234375 0.0984375
1 0.45234375 0.3765625 0.2015625 0.09375
1 0.4875 0.53125 0.2203125 0.1015625
1 0.52421875 0.69453125 0.221875 0.1109375
1 0.53828125 0.80078125 0.2078125 0.090625
1 0.5609375 0.9171875 0.215625 0.0984375
1 0.35234375 0.95 0.21875 0.096875
1 0.33125 0.83828125 0.203125 0.0890625
1 0.296875 0.678125 0.2125 0.0859375
1 0.278125 0.5609375 0.2171875 0.10625
1 0.2359375 0.2953125 0.2046875 0.084375
1 0.6703125 0.378125 0.2171875 0.1015625