1 0.4842543078125 0.5147058828125 0.4842543078125 0.44786096249999996 0.353535353125 0.454545453125 0.35056446874999997 0.450089128125 0.3446226984375 0.505793225 0.4842543078125 0.5147058828125
1 0.5050505046875 0.5815508015625 0.5050505046875 0.5102495546875 0.35799168125 0.5102495546875 0.3550207953125 0.516934046875 0.353535353125 0.5704099828125 0.5050505046875 0.5815508015625
1 0.5109922765625 0.6773618531250001 0.5139631625 0.6172014265625 0.3594771234375 0.603832440625 0.36096256718749997 0.6082887703125001 0.346108140625 0.6506238843750001 0.5109922765625 0.6773618531250001
1 0.5035650625 0.7352941171875 0.5065359484374999 0.6907308375000001 0.3594771234375 0.6773618531250001 0.3565062390625 0.6885026734374999 0.35799168125 0.7308377890625 0.5035650625 0.7352941171875
1 0.754604871875 0.4790552578125 0.754604871875 0.42780748749999997 0.5897207375 0.43003565000000005 0.5852644078125 0.43003565000000005 0.583778965625 0.47237076718750004 0.754604871875 0.4790552578125
1 0.7486631015625 0.6350267374999999 0.7501485437500001 0.5793226375 0.58823529375 0.5949197875000001 0.592691621875 0.5993761156249999 0.5852644078125 0.6417112296874999 0.7486631015625 0.6350267374999999
1 0.7560903156250001 0.806595365625 0.754604871875 0.73752228125 0.5941770656250001 0.728609625 0.5941770656250001 0.733065953125 0.5852644078125 0.79099821875 0.7560903156250001 0.806595365625
1 0.754604871875 0.920231728125 0.7560903156250001 0.8600713015625001 0.58823529375 0.8467023156250001 0.58823529375 0.8511586453125 0.5867498515625 0.8957219234375 0.754604871875 0.920231728125
1 0.9491978609375 0.6729055265625 0.9610814015625 0.5904634578125 0.7650029703125 0.5815508015625 0.762032084375 0.5815508015625 0.7605466421875 0.657308378125 0.9491978609375 0.6729055265625
1 0.9536541890624999 0.4010695203125 0.9536541890624999 0.34759358281249997 0.7590612015625 0.3542780765625 0.7575757578125 0.3520499125 0.762032084375 0.4055258453125 0.9536541890624999 0.4010695203125
1 0.9402852046874999 0.2295008921875 0.9402852046874999 0.180481284375 0.7531194296875 0.20053475937499998 0.7560903156250001 0.2049910875 0.7486631015625 0.25178253125 0.9402852046874999 0.2295008921875