1 0.62421875 0.5546875 0.1390625 0.05625
1 0.6109375 0.653125 0.15625 0.0609375
1 0.60234375 0.74296875 0.146875 0.053125
1 0.5953125 0.80703125 0.153125 0.0578125
1 0.7890625 0.6859375 0.1671875 0.04375
1 0.7703125 0.7859375 0.1765625 0.0515625
1 0.77265625 0.83125 0.1734375 0.0515625
1 0.484375 0.4921875 0.1453125 0.05625
1 0.3375 0.471875 0.146875 0.0484375
1 0.46484375 0.5890625 0.1515625 0.0578125
1 0.4484375 0.71953125 0.15 0.0671875
1 0.3046875 0.64921875 0.1375 0.053125
1 0.29453125 0.709375 0.15 0.053125
1 0.16015625 0.6421875 0.1375 0.05
1 0.28984375 0.796875 0.1484375 0.0578125