1 0.5 0.63984375 1 0.7203125
1 0.5530016265625 0.49986753124999994 0.6082019453124999 0.5652493046875 0.6061089046875 0.51402275 0.60314525625 0.5142299890625 0.550048478125 0.4576355421875 0.3651313125 0.475033421875 0.3685507484375 0.5239336203125 0.5530016265625 0.49986753124999994
1 0.55663845625 0.615760678125 0.6206572546875 0.6581897515625 0.616066853125 0.6138386453125 0.6126369171875 0.6073776750000001 0.5587524953125 0.582108775 0.36432266874999997 0.5912374234375 0.36743124531250004 0.63569215 0.55663845625 0.615760678125
1 0.30679091718749996 0.49251460781249995 0.30484280625000004 0.4859500203125 0.1793540359375 0.5014258625 0.17755085312500002 0.5395232390625 0.308262240625 0.53485021875 0.30679091718749996 0.49251460781249995
1 0.3116501765625 0.7110681015625 0.3143029671875 0.7064153906249999 0.167602371875 0.7166736953124999 0.1707109484375 0.7611284203124999 0.3195150859375 0.7596574421875 0.3116501765625 0.7110681015625
1 0.17036962656250002 0.5645950531249999 0.1675614078125 0.567025028125 0.04284978125 0.5936145546875 0.045025784375 0.6247328624999999 0.172928953125 0.6224898171875 0.17036962656250002 0.5645950531249999
1 0.5690003 0.7712485984375 0.56822315625 0.76013491875 0.3800314828125 0.7732945625000001 0.380798128125 0.826847471875 0.5740569875 0.8222679140625001 0.5690003 0.7712485984375
1 0.71484375 0.66171875 0.175 0.059375
1 0.71953125 0.72578125 0.16875 0.053125
1 0.7234375 0.79296875 0.1734375 0.0546875
1 0.72890625 0.86328125 0.171875 0.0484375
1 0.71171875 0.94921875 0.228125 0.06875