1 0.37421875 0.55 0.1375 0.0515625
1 0.38359375 0.64921875 0.1546875 0.0546875
1 0.3890625 0.73984375 0.1453125 0.0484375
1 0.39375 0.803125 0.153125 0.053125
1 0.2046875 0.67578125 0.165625 0.0390625
1 0.21953125 0.7765625 0.175 0.046875
1 0.215625 0.82109375 0.1734375 0.0453125
1 0.515625 0.49296875 0.14375 0.0515625
1 0.66328125 0.478125 0.1453125 0.04375
1 0.53203125 0.590625 0.1515625 0.053125
1 0.54375 0.72109375 0.1484375 0.0609375
1 0.68984375 0.65625 0.1359375 0.0484375
1 0.69765625 0.71640625 0.15 0.0484375
1 0.83515625 0.65390625 0.1375 0.0453125
1 0.7 0.80390625 0.1484375 0.053125