1 0.49543870468750006 0.4457266125 0.3661864890625 0.42508703125 0.364207046875 0.42011040624999996 0.3468135859375 0.473361871875 0.48154086406249996 0.5111108109375 0.49543870468750006 0.4457266125
1 0.5028091375 0.5110756359375 0.3589639015625 0.48050038749999996 0.354668153125 0.486421125 0.3420968984375 0.53841964375 0.48798477343749996 0.5808187796875 0.5028091375 0.5110756359375
1 0.48929048750000004 0.6175433984375001 0.34095990781249996 0.572347103125 0.34148636718750003 0.57701489375 0.31815458125 0.615336475 0.47387646562499997 0.67577149375 0.48929048750000004 0.6175433984375001
1 0.4667379515625 0.6879218109374999 0.3256722828125 0.644269721875 0.3204500125 0.6545494078125 0.313101028125 0.696268240625 0.454566759375 0.7308935937500001 0.4667379515625 0.6879218109374999
1 0.7640508125000001 0.48232039687499995 0.6023065296875 0.4502185296875 0.5979475828124999 0.44929200625 0.587692634375 0.49039315937500005 0.7533958015625 0.5324482796875001 0.7640508125000001 0.48232039687499995
1 0.72819009375 0.6295980546875 0.5665722078125001 0.6111907109375 0.57000463125 0.61647618125 0.5539377546875001 0.6563419671874999 0.715155578125 0.6837760453125 0.72819009375 0.6295980546875
1 0.6996574859375 0.7852671796874999 0.5445884578125 0.74319446875 0.543661934375 0.747553415625 0.52289924375 0.8023666765625 0.6867493671875 0.8531396921875001 0.6996574859375 0.7852671796874999
1 0.6756310953125 0.90544705 0.5142236765625 0.8574711875000001 0.513297153125 0.8618301359375 0.5025789453125 0.9051107578125 0.6616700546875001 0.9639839859375 0.6756310953125 0.90544705
1 0.9321972562499999 0.684350828125 0.7422566546875 0.6348659359375 0.7393506890625 0.6342482546875 0.722146821875 0.7080415062500001 0.9034327296875 0.7625206125 0.9321972562499999 0.684350828125
1 0.9754278328125 0.4452440375 0.783697384375 0.41132430312499996 0.7827076625 0.4088359875 0.7759483359375 0.462069865625 0.964309559375 0.49755139843749996 0.9754278328125 0.4452440375
1 0.9970955937499999 0.2790039765625 0.8098504875 0.25970528125 0.8118299296875 0.2646819109375 0.7948365296875 0.30890664375 0.9869038437500001 0.3269523875 0.9970955937499999 0.2790039765625