1 0.4984375 0.65625 0.996875 0.684375
1 0.44711824218749996 0.5035650609375 0.6327985734375 0.5147058828125 0.6327985734375 0.46568627500000004 0.44711824218749996 0.4612299453125 0.39809863437500004 0.521390375 0.3951277484375 0.521390375 0.396613190625 0.5726381468749999 0.44711824218749996 0.5035650609375
1 0.45157456875 0.619429590625 0.6417112296874999 0.62611408125 0.6417112296874999 0.5815508015625 0.44711824218749996 0.5860071296875 0.3951277484375 0.6149732625000001 0.3921568625 0.6216577546875001 0.3906714203125 0.666221034375 0.45157456875 0.619429590625
1 0.824420678125 0.516934046875 0.81996435 0.4790552578125 0.6937017234375 0.47237076718750004 0.69221628125 0.4790552578125 0.6937017234375 0.521390375 0.824420678125 0.516934046875
1 0.8467023171875001 0.73752228125 0.8467023171875001 0.692959003125 0.69964349375 0.692959003125 0.7026143796875 0.69741533125 0.69815805 0.7464349390625 0.8467023171875001 0.73752228125
1 0.9625668453125 0.592691621875 0.9625668453125 0.5614973265625001 0.8363042187499999 0.5436720140625 0.8333333328125001 0.5414438500000001 0.8348187765624999 0.5993761156249999 0.9625668453125 0.592691621875
1 0.6417112296874999 0.8177361859375001 0.6387403453125 0.76426025 0.45008912656250005 0.76426025 0.45008912656250005 0.77540106875 0.448603684375 0.826648840625 0.6417112296874999 0.8177361859375001
1 0.296875 0.6765625 0.17265625 0.046875
1 0.296875 0.740625 0.16640625 0.0421875
1 0.29765625 0.8078125 0.17109375 0.0421875
1 0.296875 0.878125 0.16953125 0.0359375
1 0.3203125 0.9625 0.22421875 0.053125