1 0.5015625 0.25390625 0.228125 0.0546875
1 0.4890625 0.34765625 0.2390625 0.071875
1 0.48515625 0.46171875 0.2296875 0.0625
1 0.478125 0.609375 0.225 0.0515625
1 0.4734375 0.75546875 0.21875 0.04375
1 0.4671875 0.85703125 0.2453125 0.0671875
1 0.4640625 0.95 0.2328125 0.0578125
1 0.7296875 0.521875 0.228125 0.075
1 0.71015625 0.76796875 0.2296875 0.053125
1 0.7 0.95703125 0.23125 0.059375
1 0.73203125 0.2734375 0.2375 0.0625
1 0.2578125 0.23359375 0.225 0.0734375
1 0.240625 0.5421875 0.2453125 0.0671875
1 0.23984375 0.7890625 0.2328125 0.0640625
1 0.2234375 0.934375 0.2375 0.059375
1 0.7296875 0.42578125 0.234375 0.0765625