1 0.52109375 0.36015625 0.10625 0.0421875
1 0.52734375 0.47265625 0.11484375 0.0421875
1 0.09296875 0.434375 0.146875 0.05390625
1 0.52734375 0.540625 0.1 0.0328125
1 0.5234375 0.646875 0.11640625 0.04921875
1 0.5171875 0.709375 0.11953125 0.0375
1 0.240625 0.53984375 0.121875 0.03515625
1 0.23671875 0.596875 0.1265625 0.0328125
1 0.24296875 0.64921875 0.11484375 0.04921875
1 0.24140625 0.71015625 0.1234375 0.04921875
1 0.38828125 0.58984375 0.1046875 0.0421875
1 0.38359375 0.65859375 0.128125 0.03515625