1 0.57890625 0.26640625 0.2296875 0.103125
1 0.56015625 0.359375 0.24375 0.121875
1 0.5265625 0.46875 0.2328125 0.1109375
1 0.48515625 0.61015625 0.2265625 0.1
1 0.4421875 0.75 0.2171875 0.090625
1 0.41484375 0.8484375 0.2484375 0.1203125
1 0.3875 0.9375 0.234375 0.1078125
1 0.27578125 0.44609375 0.234375 0.1234375
1 0.2140625 0.684375 0.23125 0.1015625
1 0.1625 0.8671875 0.234375 0.109375
1 0.3546875 0.21015625 0.2390625 0.1125
1 0.815625 0.32734375 0.2296875 0.1203125
1 0.73203125 0.62421875 0.2484375 0.1203125
1 0.6515625 0.8578125 0.2359375 0.1140625
1 0.61953125 0.97265625 0.2390625 0.0546875
1 0.30703125 0.35546875 0.240625 0.125