1 0.51171875 0.25390625 0.2265625 0.04296875
1 0.51875 0.3484375 0.23671875 0.059375
1 0.5171875 0.4625 0.228125 0.05
1 0.51640625 0.61015625 0.2234375 0.040625
1 0.51328125 0.75625 0.2171875 0.03203125
1 0.5140625 0.85859375 0.24296875 0.0546875
1 0.5125 0.9515625 0.23125 0.0453125
1 0.26953125 0.51015625 0.225 0.0640625
1 0.27578125 0.75625 0.228125 0.040625
1 0.2765625 0.94609375 0.2296875 0.04765625
1 0.28046875 0.26171875 0.23515625 0.05
1 0.75546875 0.246875 0.221875 0.06171875
1 0.75703125 0.55546875 0.24296875 0.0546875
1 0.74453125 0.80234375 0.2296875 0.05234375
1 0.753125 0.9484375 0.23515625 0.04765625
1 0.27421875 0.4140625 0.23125 0.0640625