1 0.1921875 0.17890625 0.384375 0.1734375
1 0.20078125 0.2640625 0.4015625 0.171875
1 0.22578125 0.36171875 0.4140625 0.15625
1 0.24375 0.42578125 0.4171875 0.1578125
1 0.26640625 0.51328125 0.40625 0.1546875
1 0.2875 0.58671875 0.3984375 0.1515625
1 0.29453125 0.6765625 0.4109375 0.1625
1 0.3078125 0.76015625 0.4078125 0.15625
1 0.328125 0.8328125 0.409375 0.1515625
1 0.35078125 0.921875 0.4109375 0.15625
1 0.740625 0.59375 0.4171875 0.178125
1 0.75703125 0.675 0.421875 0.171875
1 0.775 0.74609375 0.421875 0.1796875
1 0.7921875 0.82578125 0.415625 0.1671875