1 0.39609375 0.88125 0.14375 0.03359375
1 0.40546875 0.90703125 0.1484375 0.02265625
1 0.628125 0.7609375 0.04765625 0.02890625
1 0.628125 0.63515625 0.04765625 0.03125
1 0.63515625 0.5125 0.04296875 0.02265625
1 0.62578125 0.3890625 0.0546875 0.02421875
1 0.625 0.259375 0.0546875 0.0203125
1 0.9203125 0.84453125 0.0578125 0.03125
1 0.91875 0.75859375 0.0546875 0.02421875
1 0.91953125 0.64609375 0.059375 0.02265625
1 0.91953125 0.534375 0.05625 0.0265625
1 0.625 0.89921875 0.04765625 0.0375
1 0.925 0.30546875 0.0578125 0.0359375