1 0.7121369125 0.00246748125 0.61812605625 0.057240153125000005 0.72346875 0.11743397343749999 0.82584743125 0.06489778125 0.8030651390625 0.044100159374999996 0.7121369125 0.00246748125
1 0.8377470593749999 0.1333423078125 0.8350908296874999 0.129468053125 0.723714696875 0.1614046453125 0.734570103125 0.20465106406250003 0.84533206875 0.1705726234375 0.8377470593749999 0.1333423078125
1 0.7483122234375 0.2795211359375 0.7571101062500001 0.30481387656250003 0.8588900828125 0.266357109375 0.8491289500000001 0.23231599374999998 0.7483122234375 0.2795211359375
1 0.46657198125 0.5364736406249999 0.4639157515625 0.5325993859375 0.2830026171875 0.6076549703125 0.35819078125 0.7135827875 0.5405318140625 0.6381177609375001 0.46657198125 0.5364736406249999
1 0.265680915625 0.20234336718749998 0.26445258437499997 0.1980596703125 0.1159510765625 0.2406417921875 0.1310901796875 0.282659878125 0.28571788124999997 0.24527497187499997 0.265680915625 0.20234336718749998
1 0.3210935171875 0.32553152343749997 0.321907253125 0.3229802328125 0.1819731375 0.36310569375 0.2034534609375 0.42184912656250007 0.33521931875 0.37479404375 0.3210935171875 0.32553152343749997
1 0.24296875 0.3109375 0.1546875 0.090625
1 0.3890625 0.13359375 0.1203125 0.0765625
1 0.40546875 0.18671875 0.1203125 0.0765625
1 0.5828125 0.64140625 0.1390625 0.08125
1 0.59375 0.6984375 0.1421875 0.0859375
1 0.72421875 0.44140625 0.115625 0.0765625
1 0.91640625 0.39609375 0.1078125 0.078125
1 0.07109375 0.38046875 0.1421875 0.1046875