1 0.4872251921875 0.6996434921875 0.4842543078125 0.7308377890625 0.5050505046875 0.7865418890625 0.6639928687500001 0.784313725 0.6625074265625 0.9425133703125 0.6669637546875 0.9113190734375 0.9209744515624999 0.9224598921875 0.968508615625 0.9737076640625 0.9997029124999999 0.9781639921874999 0.9982174687500001 0.320855615625 0.6639928687500001 0.3163992875 0.6625074265625 0.43672014218750005 0.5109922765625 0.41889483125 0.508021390625 0.42112299531249997 0.5035650625 0.713012478125 0.4872251921875 0.6996434921875
1 0.76953125 0.3390625 0.2109375 0.04921875
1 0.78359375 0.3875 0.2453125 0.0625
1 0.78671875 0.4265625 0.2421875 0.078125
1 0.7875 0.46640625 0.240625 0.06484375
1 0.7875 0.53828125 0.24375 0.06875
1 0.78515625 0.5859375 0.2421875 0.0578125
1 0.78359375 0.63359375 0.2484375 0.06484375
1 0.78671875 0.66171875 0.2390625 0.0671875
1 0.7875 0.69375 0.24375 0.0734375
1 0.78359375 0.72890625 0.25078125 0.0671875
1 0.778125 0.77890625 0.23203125 0.0515625
1 0.78359375 0.8125 0.2453125 0.06484375
1 0.78359375 0.853125 0.2359375 0.0578125
1 0.78125 0.88359375 0.24375 0.06484375
1 0.508021390625 0.79099821875 0.6654783125 0.779857396875 0.6639928687500001 0.744206775 0.644682115625 0.7107843140625 0.490196078125 0.7085561499999999 0.48573975 0.70187165625 0.47979797968750004 0.7419786109375 0.508021390625 0.79099821875
1 0.6580511 0.46791443906249996 0.6625074265625 0.43003565000000005 0.50936641875 0.42120059374999996 0.5035650625 0.4612299453125 0.6580511 0.46791443906249996
1 0.6625074265625 0.516934046875 0.6669637546875 0.47459893124999997 0.5065359484374999 0.45900178125 0.5095068328125001 0.4612299453125 0.5020796187500001 0.5102495546875 0.6625074265625 0.516934046875
1 0.653594771875 0.5548128328125 0.65656565625 0.5147058828125 0.5050505046875 0.51247771875 0.5035650625 0.51247771875 0.5065359484374999 0.5436720140625 0.653594771875 0.5548128328125
1 0.6595365421875 0.592691621875 0.6580511 0.5436720140625 0.5095068328125001 0.5303030296875 0.5050505046875 0.53253119375 0.49910873437500003 0.5770944734375 0.6595365421875 0.592691621875
1 0.6580511 0.630570409375 0.6580511 0.5815508015625 0.5020796187500001 0.5726381468749999 0.5005941765624999 0.5704099828125 0.5005941765624999 0.619429590625 0.6580511 0.630570409375
1 0.65656565625 0.6706773625 0.6580511 0.6216577546875001 0.5005941765624999 0.610516934375 0.5005941765624999 0.6127450984375 0.5020796187500001 0.6506238843750001 0.65656565625 0.6706773625
1 0.65656565625 0.6951871671875 0.6625074265625 0.6528520484375 0.5005941765624999 0.6439393953125 0.5020796187500001 0.646167559375 0.5035650625 0.6907308375000001 0.65656565625 0.6951871671875