1 0.64453125 0.85859375 0.1359375 0.0546875
1 0.49296875 0.86484375 0.1484375 0.0640625
1 0.35859375 0.86328125 0.146875 0.0640625
1 0.1984375 0.8546875 0.1296875 0.0578125
1 0.06796875 0.86171875 0.125 0.05
1 0.80625 0.85078125 0.1265625 0.040625
1 0.94296875 0.85703125 0.1140625 0.0359375
1 0.80078125 0.3578125 0.14375 0.0484375
1 0.63828125 0.36171875 0.1484375 0.0453125
1 0.9390625 0.35390625 0.11875 0.0625
1 0.47265625 0.05703125 0.1453125 0.05625
1 0.33046875 0.06328125 0.1328125 0.0578125
1 0.79140625 0.05625 0.153125 0.05
1 0.16796875 0.06875 0.1375 0.04375