1 0.11796875 0.6484375 0.07578125 0.0265625
1 0.296875 0.64765625 0.08046875 0.02890625
1 0.47578125 0.653125 0.0875 0.0265625
1 0.56875 0.65078125 0.0828125 0.03125
1 0.66875 0.653125 0.0859375 0.0265625
1 0.478125 0.565625 0.07734375 0.02265625
1 0.38359375 0.56484375 0.07734375 0.03359375
1 0.384375 0.6453125 0.0859375 0.03359375
1 0.20390625 0.5640625 0.084375 0.0359375
1 0.20546875 0.64609375 0.07890625 0.04453125
1 0.1171875 0.56015625 0.0859375 0.0375
1 0.76875 0.5640625 0.0875 0.03984375
1 0.9125 0.5625 0.14140625 0.03359375
1 0.9203125 0.6375 0.14140625 0.03984375
1 0.7671875 0.64765625 0.07890625 0.03359375
1 0.66640625 0.565625 0.084375 0.03984375
1 0.57109375 0.5625 0.084375 0.0421875