1 0.35859375 0.87421875 0.11640625 0.05859375
1 0.4875 0.8796875 0.128125 0.05625
1 0.4828125 0.5359375 0.11875 0.03515625
1 0.36484375 0.53828125 0.11328125 0.05390625
1 0.359375 0.20625 0.1140625 0.03984375
1 0.21796875 0.21328125 0.1 0.06796875
1 0.21328125 0.53125 0.11328125 0.04921875
1 0.2078125 0.8765625 0.1234375 0.04921875
1 0.4828125 0.2109375 0.11875 0.04453125
1 0.7878151265625 0.9430438859375 0.92553688125 0.9337068171875 0.9243697484375 0.8426704015625001 0.785480859375 0.8520074703124999 0.6220821671875 0.8520074703124999 0.6232492984375 0.859010271875 0.6162464984375 0.9313725484375001 0.7878151265625 0.9430438859375
1 0.149393090625 0.5135387484375 0.0350140046875 0.515873015625 0.0350140046875 0.5672268921875 0.149393090625 0.56956115625 0.149393090625 0.5135387484375
1 0.1610644265625 0.23809523906250002 0.1633986921875 0.17740429375 0.0420168078125 0.17740429375 0.0396825390625 0.1844070953125 0.0396825390625 0.23809523906250002 0.1610644265625 0.23809523906250002