1 0.5555555562500001 0.9006928406249999 0.491830065625 0.81986143125 0.3807189546875 0.882217090625 0.37745097968749997 0.8868360281250001 0.44934640468750003 0.9769053124999999 0.5555555562500001 0.9006928406249999
1 0.534313725 0.7020785218750001 0.5326797390625 0.7020785218750001 0.6209150328125 0.7667436484375 0.7287581703125 0.711316396875 0.62581699375 0.6281755203125 0.534313725 0.7020785218750001
1 0.62418300625 0.794457275 0.7271241828125 0.7344110859375 0.7254901953124999 0.7066974593750001 0.616013071875 0.7736720546875 0.5392156859375 0.711316396875 0.5375816999999999 0.7020785218750001 0.5326797390625 0.7390300234375 0.62418300625 0.794457275
1 0.2973856203125 0.5842956125 0.2450980390625 0.5496535796875001 0.12745097968750002 0.60046189375 0.12745097968750002 0.60508083125 0.1797385625 0.6558891453125 0.2973856203125 0.5842956125
1 0.18464052343749998 0.6651270203124999 0.18464052343749998 0.6697459578125 0.19444444375 0.709006928125 0.30882352968750004 0.6628175515625 0.30555555624999997 0.62355658125 0.18464052343749998 0.6651270203124999
1 0.31535947656249996 0.699769053125 0.30882352968750004 0.6697459578125 0.19771241875 0.7251732109375 0.19444444375 0.7390300234375 0.19771241875 0.7644341796874999 0.31535947656249996 0.699769053125
1 0.321895425 0.7344110859375 0.3202614375 0.7020785218750001 0.2026143796875 0.7667436484375 0.2026143796875 0.7690531171874999 0.2107843140625 0.794457275 0.321895425 0.7344110859375
1 0.6192810453125001 0.8429561203124999 0.7369281046875 0.7990762124999999 0.7271241828125 0.7482678984375 0.6111111109375 0.80600461875 0.534313725 0.7528868359375 0.5326797390625 0.7528868359375 0.526143790625 0.78752886875 0.6192810453125001 0.8429561203124999
1 0.6192810453125001 0.879907621875 0.7287581703125 0.8314087765625 0.723856209375 0.7898383375 0.6111111109375 0.8452655890624999 0.527777778125 0.794457275 0.5294117640625 0.79676674375 0.526143790625 0.8337182453124999 0.6192810453125001 0.879907621875
1 0.42483660156249997 0.681293303125 0.42483660156249997 0.6535796765625 0.3545751640625 0.60046189375 0.349673203125 0.60508083125 0.3447712421875 0.6258660515625001 0.42483660156249997 0.681293303125
1 0.421568628125 0.715935334375 0.4264705875 0.678983834375 0.35620915000000003 0.6443418015625 0.3529411765625 0.6420323328124999 0.3529411765625 0.678983834375 0.421568628125 0.715935334375