1 0.24609375 0.0390625 0.34296875 0.078125
1 0.25234375 0.109375 0.34453125 0.09765625
1 0.259375 0.1640625 0.328125 0.0734375
1 0.26015625 0.21796875 0.3359375 0.0671875
1 0.26484375 0.26484375 0.33125 0.07109375
1 0.25703125 0.35078125 0.3265625 0.06875
1 0.2625 0.41640625 0.33125 0.0578125
1 0.26015625 0.49765625 0.3390625 0.0734375
1 0.2609375 0.59609375 0.334375 0.05546875
1 0.26328125 0.6921875 0.3359375 0.05546875
1 0.265625 0.78984375 0.3234375 0.0515625
1 0.2703125 0.87890625 0.34453125 0.05546875
1 0.27109375 0.9328125 0.3375 0.06015625
1 0.2640625 0.7484375 0.3328125 0.0578125