1 0.8443016828125 0.25182894375 0.6423361359374999 0.3352686078125 0.6438322234375 0.3398730921875 0.65217323125 0.4007953609375 0.8647294656250001 0.30882398125 0.8443016828125 0.25182894375
1 0.8701345593750001 0.378336078125 0.6777810625 0.4561073015625 0.6792771515625 0.4607117859375 0.700452978125 0.5200090687500001 0.8868221234375 0.4238199015625 0.8701345593750001 0.378336078125
1 0.6932780984375 0.6464084796875 0.70774799375 0.718717240625 0.9305517953125 0.587782065625 0.908627925 0.5261825421874999 0.6932780984375 0.6464084796875
1 0.4342367875 1 0.7201160765625 0.8037840046875001 0.691746665625 0.734097578125 0.3955560984375 0.9270570140625001 0.3928507796875 0.9304813234375 0.4138031984375 1 0.4342367875 1
1 0.677016378125 0.6828871999999999 0.373919084375 0.8780907718750001 0.3786379421875 0.8867387093750001 0.3958992171875 0.9574890937499999 0.7021630203125 0.748530178125 0.677016378125 0.6828871999999999
1 0.6510091703125 0.579344384375 0.3436542046875 0.755568978125 0.34267556718750003 0.7584322546875 0.36586493125 0.8298017812499999 0.6820839000000001 0.6456065046874999 0.6510091703125 0.579344384375
1 0.28772105937500003 0.6437500890625001 0.3050372234375 0.7248463468749999 0.63541276875 0.5665948828125 0.6072739515625 0.49174293437500005 0.28772105937500003 0.6437500890625001
1 0.564579178125 0.34271629375 0.2208513640625 0.495124984375 0.21739799999999998 0.49624705 0.23414182656250002 0.5595296734375 0.5932354453124999 0.42503600468749997 0.564579178125 0.34271629375
1 0.34876055156249997 0.1837632796875 0.42951523125 0.1091638484375 0.597577109375 0.08001020625000001 0.5833642734375 0.036267592187499996 0.4222091234375 0.063177103125 0.3399583546875 0.1331720484375 0.3387491234375 0.1412008421875 0.34876055156249997 0.1837632796875
1 0.510826984375 0.28891312187499996 0.695351378125 0.23404810625 0.8450552734375 0.177770471875 0.8295769421875001 0.1242578515625 0.6862623265625001 0.17082359375 0.497075334375 0.2348394703125 0.49534865312500004 0.23540050468749998 0.510826984375 0.28891312187499996
1 0.158651184375 0.26844123125 0.0362873484375 0.3031090578125 0.0360567546875 0.3082745765625 0.0433628625 0.35426132187500003 0.17954015625 0.31510523125 0.158651184375 0.26844123125