1 0.62734375 0.08359375 0.2875 0.13125
1 0.6375 0.1265625 0.2859375 0.1140625
1 0.6578125 0.171875 0.2953125 0.140625
1 0.6703125 0.21484375 0.2953125 0.1296875
1 0.6828125 0.26640625 0.2921875 0.125
1 0.69375 0.3078125 0.3046875 0.128125
1 0.7046875 0.35546875 0.3140625 0.134375
1 0.7078125 0.40234375 0.3453125 0.153125
1 0.75078125 0.4953125 0.30625 0.14375
1 0.7609375 0.54375 0.3 0.1296875
1 0.77265625 0.59140625 0.3078125 0.1328125
1 0.790625 0.63828125 0.303125 0.1328125
1 0.80859375 0.68671875 0.2984375 0.1234375
1 0.82421875 0.7375 0.3109375 0.1390625
1 0.21796875 0.67734375 0.159375 0.0640625
1 0.2375 0.7484375 0.165625 0.078125
1 0.25703125 0.82265625 0.16875 0.0890625
1 0.43515625 0.42734375 0.1125 0.0515625