1 0.12777075625 0.5761843828125001 0.1273108953125 0.61897985625 0.1820474953125 0.613537190625 0.28563674687499996 0.60347879375 0.2793552203125 0.54811006875 0.1790975578125 0.5712006109375001 0.12777075625 0.5761843828125001
1 0.3943227453125 0.5229521890625 0.289031925 0.5422499734375 0.2914332109375 0.5486626796875 0.2970945375 0.5996184453125 0.40114495625 0.5714947421875001 0.3943227453125 0.5229521890625
1 0.2381277828125 0.340148371875 0.25996199375 0.3460800171875 0.3599890703125 0.332022128125 0.3550274625 0.29671845625 0.2591032453125 0.3079496640625 0.2355674625 0.3112574015625 0.23649776249999999 0.317876840625 0.2381277828125 0.340148371875
1 0.4503314828125 0.28107428749999996 0.3620722953125 0.2934783078125 0.3615316109375 0.300304478125 0.364791646875 0.344847540625 0.46218685156249995 0.3334095984375 0.4503314828125 0.28107428749999996
1 0.47932985937500006 0.5087551578125 0.395793734375 0.52274545625 0.39378206250000003 0.5297783640625 0.40795920625 0.577287246875 0.48785364218750005 0.5480583265625001 0.47932985937500006 0.5087551578125
1 0.012361704687499999 0.38965625625 0.016406409375 0.4275608125 0.0443551515625 0.42363287187500004 0.10280499375 0.401917915625 0.0978433859375 0.3666142390625 0.0484500484375 0.3780561453125 0.012361704687499999 0.38965625625
1 0.046482915624999996 0.5880448546875 0.052211071875 0.6182841390625 0.0736556671875 0.610770178125 0.1257603921875 0.60794745625 0.1211088859375 0.5748502640625001 0.0755878234375 0.5924981375 0.046482915624999996 0.5880448546875
1 0.121999490625 0.783980809375 0.07918185 0.7674978234375 0.0809629375 0.7694975687500001 0.085073759375 0.8094209343750001 0.11635409062499999 0.8185251421874999 0.121999490625 0.783980809375
1 0.1643639234375 0.8612791515625 0.23699090625000002 0.887073075 0.33244599375 0.8511571234374999 0.319970421875 0.7944088546875 0.21925159062500002 0.8355647015625 0.162264771875 0.814322878125 0.1614139875 0.8189425703125 0.1643639234375 0.8612791515625
1 0.54925341875 0.5686799484375 0.72554120625 0.5529045609375001 0.8507261203125 0.515060415625 0.8471559843750001 0.46831087499999996 0.7033094140625 0.4907772546875 0.5428923765625 0.5020720890625 0.54328199375 0.515517703125 0.54925341875 0.5686799484375
1 0.6086257171875 0.92709573125 0.74522233125 0.970450034375 0.8202426390625 0.95990661875 0.9072439265625001 0.92787884375 0.89267716875 0.8669243484375 0.75936605 0.9216609874999999 0.59552994375 0.8659345 0.601731953125 0.9100640921875 0.6086257171875 0.92709573125
1 1 0.8239621625 0.8970901265625001 0.8663041484375 0.89507845625 0.873337053125 0.9072439265625001 0.92787884375 1 0.8934186265624999 1 0.8239621625
1 0.9050729828125 0.0799107890625 0.7878552375 0.07838417812500001 0.7836728625 0.069971725 0.786861346875 0.1460257015625 0.9096529406249999 0.1445189 0.9050729828125 0.0799107890625
1 0.4979993578125 0.150621625 0.49893762343750003 0.19999111249999998 0.6383632703125001 0.1353948875 0.7853108453125001 0.13499330468749998 0.7863922156250001 0.12134095781250001 0.7765485156249999 0.0619727421875 0.6395877453125001 0.058720709375 0.49706905625 0.1440021859375 0.4979993578125 0.150621625
1 0.8504745187499999 0.46144635312500004 0.8543678109374999 0.5302990390625 0.9675542515625001 0.503141415625 0.9548480937500001 0.4554257984375 0.8504745187499999 0.46144635312500004