1 0.128125 0.20390625 0.25546875 0.0828125
1 0.11796875 0.38125 0.23515625 0.06640625
1 0.13515625 0.659375 0.22265625 0.09375
1 0.14140625 0.8765625 0.2109375 0.08671875
1 0.409375 0.4359375 0.275 0.0828125
1 0.42734375 0.20859375 0.28046875 0.1
1 0.40546875 0.7375 0.29375 0.0671875
1 0.38984375 0.90390625 0.26875 0.08671875
1 0.6765625 0.60625 0.2390625 0.084375
1 0.6828125 0.434375 0.25390625 0.084375
1 0.68671875 0.19609375 0.2421875 0.08046875
1 0.90078125 0.68046875 0.19765625 0.0734375
1 0.89375 0.9484375 0.2125 0.078125
1 0.90234375 0.3171875 0.19453125 0.06875
1 0.65703125 0.846875 0.2359375 0.07578125
1 0.909375 0.08046875 0.18125 0.07109375