1 0.24375 0.20859375 0.0578125 0.0375
1 0.278125 0.1015625 0.065625 0.0375
1 0.2453125 0.57265625 0.0546875 0.0328125
1 0.45390625 0.15234375 0.0625 0.04375
1 0.384375 0.37109375 0.065625 0.040625
1 0.43828125 0.390625 0.0703125 0.05
1 0.553125 0.43046875 0.0640625 0.040625
1 0.35078125 0.24140625 0.059375 0.040625
1 0.41484375 0.26484375 0.0609375 0.0359375
1 0.3484375 0.48203125 0.0671875 0.0453125
1 0.21171875 0.67890625 0.0703125 0.0453125
1 0.278125 0.7015625 0.0640625 0.034375
1 0.36796875 0.61015625 0.0625 0.0390625
1 0.60859375 0.44765625 0.0578125 0.0390625
1 0.7 0.35625 0.059375 0.04375
1 0.765625 0.37734375 0.065625 0.04375
1 0.85234375 0.284375 0.0578125 0.0390625
1 0.71953125 0.71875 0.0625 0.04375
1 0.74765625 0.60859375 0.0625 0.040625
1 0.8390625 0.521875 0.0625 0.0375
1 0.6484375 0.94453125 0.0625 0.0390625
1 0.55625 0.7890625 0.0734375 0.05
1 0.38515625 0.7375 0.0671875 0.0421875
1 0.5375 0.06484375 0.0640625 0.040625
1 0.8859375 0.18046875 0.065625 0.040625
1 0.69296875 0.80703125 0.0625 0.046875
1 0.18828125 0.55234375 0.06875 0.0484375
1 0.1046875 0.40546875 0.06875 0.053125
1 0.18203125 0.18984375 0.0640625 0.0390625
1 0.54296875 0.66484375 0.059375 0.0390625