1 0.3322440078125 0.582412521875 0.330882353125 0.5409760578125 0.23828975937500002 0.5363720078124999 0.23828975937500002 0.5386740328124999 0.230119825 0.5686003671875001 0.3322440078125 0.582412521875
1 0.434368190625 0.60543278125 0.49564270156249995 0.577808471875 0.49564270156249995 0.5386740328124999 0.434368190625 0.5340699812499999 0.3390522875 0.5386740328124999 0.3349673203125 0.5432780859374999 0.3390522875 0.5893186 0.434368190625 0.60543278125
1 0.1661220046875 0.5501841625 0.167483659375 0.5018416218749999 0.100762528125 0.5087476984375 0.100762528125 0.5110497234375 0.100762528125 0.557090240625 0.1661220046875 0.5501841625
1 0.167483659375 0.285451196875 0.1661220046875 0.23020257812499997 0.098039215625 0.220994475 0.098039215625 0.23020257812499997 0.098039215625 0.283149171875 0.167483659375 0.285451196875
1 0.09667756093749999 0.280847146875 0.100762528125 0.22790055312500002 0.032689087500000005 0.218874240625 0.035403050000000005 0.2716390421875 0.09667756093749999 0.280847146875
1 0.0939542484375 0.557090240625 0.0939542484375 0.5133517484375 0.028594771875 0.5087476984375 0.027233115625 0.49953959374999996 0.0299564265625 0.5639963171875 0.0939542484375 0.557090240625
1 0.9776688453125001 0.63996316875 0.98039215625 0.5547882125 0.812908496875 0.5547882125 0.8169934640625 0.557090240625 0.8047385625000001 0.6307550640625 0.9776688453125001 0.63996316875
1 0.40985838750000003 0.2140883984375 0.41122004375000004 0.1749539578125 0.330882353125 0.1841620640625 0.328159040625 0.19567219062500002 0.3254357296875 0.225598528125 0.40985838750000003 0.2140883984375
1 0.4833877984375 0.20488029531250002 0.4861111109375 0.16114180312499998 0.4153050109375 0.16804788125 0.4153050109375 0.170349909375 0.4153050109375 0.21869244999999998 0.4833877984375 0.20488029531250002
1 0.2396514171875 0.2992633515625 0.24237472656249998 0.2555248625 0.1729302828125 0.2394106828125 0.1729302828125 0.2417127078125 0.17701525 0.2946593015625 0.2396514171875 0.2992633515625
1 0.563725490625 0.2371086546875 0.5650871453125 0.17955801093749998 0.5010893249999999 0.16344383125 0.49972766875 0.16344383125 0.48883442343750005 0.220994475 0.563725490625 0.2371086546875
1 0.607298475 0.5732044203125 0.607298475 0.522559853125 0.5596405234375 0.527163903125 0.5596405234375 0.5317679562500001 0.5514705875 0.5755064453125 0.607298475 0.5732044203125
1 0.66040305 0.5501841625 0.66040305 0.5156537765625 0.6100217859375 0.522559853125 0.6113834421875 0.5248618781250001 0.6113834421875 0.577808471875 0.66040305 0.5501841625