1 1 0.3985722890625 0.471236153125 0.3315726671875 0.4556037921875 0.39062189531249997 0.16873773125 0.3184574703125 0.1309311640625 0.5483295625 0.512789375 1 0.9281613249999999 1 1 0.4197529234375 1 0.3985722890625
1 0.480655765625 0.42109105468749997 0.467158909375 0.4779905609375 0.7466055453125 0.5638113453125 0.7615264749999999 0.47036269375 0.480655765625 0.42109105468749997
1 0.73861200625 0.633733534375 0.7407475125 0.6315838125 0.4578233734375 0.5183259625 0.4500577703125 0.573581096875 0.7166828203125 0.7114965921875 0.73861200625 0.633733534375
1 0.7566078093749999 0.557867528125 0.755147571875 0.5552124578125001 0.46345346875000004 0.465220553125 0.448606075 0.5317296484375 0.7434400484375 0.6515610125 0.7566078093749999 0.557867528125
1 0.7137452640624999 0.7845792015625 0.7140828984375001 0.7821768046875001 0.44398034218750004 0.6168242421875 0.432281359375 0.6739764218750001 0.6987796296875 0.8780200140625001 0.7137452640624999 0.7845792015625
1 0.6608794734375001 1 0.6870806468749999 0.9351721921875 0.6888785203125 0.9354248671875001 0.42486193281249995 0.6876327812499999 0.407541396875 0.7586939953125 0.64469125625 1 0.6608794734375001 1
1 0.31366449375 0.4613180234375 0.30691179687500003 0.5093659671874999 0.42926827031250003 0.5780088671875 0.44402679218749996 0.51103291875 0.31366449375 0.4613180234375
1 0.42307260312499995 0.6481837296874999 0.4266683484375 0.6486890796875 0.30589035 0.555769534375 0.2999226203125 0.6112773406249999 0.4224984890625 0.7044495625 0.42307260312499995 0.6481837296874999
1 0.409457509375 0.732014953125 0.40979514375 0.72961255625 0.2884601171875 0.6145660859375 0.2774364046875 0.666913475 0.40056076406249996 0.8214089937500001 0.409457509375 0.732014953125
1 0.18561093281250002 0.23753399218750001 0.1841506953125 0.2348789203125 0.12111546718749999 0.21377065312500002 0.1129025328125 0.2591635234375 0.1931315171875 0.2753386703125 0.18561093281250002 0.23753399218750001
1 0.3346063984375 0.27317303125 0.33674190625 0.27102330937499997 0.2723561390625 0.259524628125 0.26392380625 0.28038817968749996 0.33123004843750004 0.297197003125 0.3346063984375 0.27317303125