1 0 0.8656396671875 0.0181211546875 0.8514037968749999 0.2707473671875 0.8801361671875 0.2702689671875 0.911643534375 0.293549690625 0.7551592140625 0.4501866484375 0.7822240093749999 0.47944085000000003 0.7304589625 0.48138640625000007 0.6991839703125 0.4631563359375 0.7098322421875001 0.5044164484375 0.42083927968749996 0.5018307 0.41817380000000004 0.3493924609375 0.412077459375 0.366747634375 0.2930055796875 0.035940770312499995 0.245122796875 0 0.4687715640625 0 0.8656396671875
1 0.25859375 0.29921875 0.215625 0.08125
1 0.2375 0.34453125 0.2515625 0.1
1 0.228125 0.3828125 0.2515625 0.115625
1 0.22109375 0.421875 0.2484375 0.1015625
1 0.21015625 0.49296875 0.2515625 0.10625
1 0.2046875 0.540625 0.2484375 0.0953125
1 0.19921875 0.5875 0.25625 0.103125
1 0.19140625 0.61484375 0.246875 0.103125
1 0.1859375 0.64609375 0.2515625 0.1109375
1 0.184375 0.68203125 0.2578125 0.10625
1 0.18203125 0.73203125 0.2375 0.0875
1 0.17109375 0.7640625 0.253125 0.103125
1 0.16484375 0.8046875 0.2421875 0.09375
1 0.1625 0.83515625 0.2515625 0.1015625
1 0.446555215625 0.7861607265624999 0.48209950468749996 0.7421597453125 0.4825049984375 0.7016170749999999 0.47705785 0.7075221484374999 0.3241252296875 0.685555940625 0.29982380000000003 0.7155460484375 0.29277965781250004 0.7505253765625 0.446555215625 0.7861607265624999
1 0.3504381453125 0.40547526562499997 0.34891405937500003 0.44358482656250003 0.5025438015625 0.4611495703125 0.503075840625 0.4207055140625 0.3504381453125 0.40547526562499997
1 0.496675184375 0.4602200734375 0.49995805468750004 0.45848408906250004 0.3390654484375 0.448792775 0.33684424062499996 0.49130379843750005 0.4963426015625 0.5097980421874999 0.496675184375 0.4602200734375
1 0.49452688437500003 0.5117663984374999 0.4930597296875 0.511534025 0.34306142031250003 0.49003256406249995 0.33972161875 0.5301104796875 0.4867127125 0.5421118921875 0.49452688437500003 0.5117663984374999
1 0.48992267500000003 0.5313406078125 0.48586977343750004 0.528442753125 0.3370629625 0.5184097000000001 0.327927453125 0.5665934203125 0.48882005937499995 0.5762847375 0.48992267500000003 0.5313406078125
1 0.488398590625 0.56945016875 0.486582875 0.5714185265625 0.331137415625 0.5558221359375 0.323469059375 0.60423823125 0.480730234375 0.6178662640625 0.488398590625 0.56945016875
1 0.4817759203125 0.61126406875 0.48212448124999996 0.6090633375000001 0.32486330625000004 0.59543530625 0.3186621046875 0.6440837765625 0.47438321875 0.6484441296875 0.4817759203125 0.61126406875
1 0.47508034062500004 0.6440426703125001 0.47689605625000003 0.6420743125 0.31558198125 0.6255484234375001 0.31482792656249997 0.6682918250000001 0.466641953125 0.6878249249999999 0.47508034062500004 0.6440426703125001