1 0.3259992203125 0.5018826515625 0.2368154546875 0.4765678015625 0.23629761093749999 0.47881082499999994 0.2216051109375 0.5061323140625 0.31800480000000003 0.54256340625 0.3259992203125 0.5018826515625
1 0.323085053125 0.5508240125 0.4123331140625 0.5879666015625 0.47825128125000005 0.5748340671875 0.48705461406249995 0.536702640625 0.4283862515625 0.518432825 0.33447760312499997 0.5014774625 0.329461646875 0.505044596875 0.323085053125 0.5508240125
1 0.17559175625 0.4269945203125 0.10902715468749999 0.4187146046875 0.1085093125 0.42095762968750006 0.0981524484375 0.46581813125 0.1633902953125 0.47379173906250005 0.17559175625 0.4269945203125
1 0.23537049062499998 0.1620112609375 0.17110403125 0.137723865625 0.169032659375 0.146695965625 0.1571222671875 0.1982855421875 0.22426901093749999 0.2161501671875 0.23537049062499998 0.1620112609375
1 0.10790577187499999 0.12095739375 0.098680678125 0.1729803453125 0.15631335468750002 0.1957362125 0.172204015625 0.1450655546875 0.10790577187499999 0.12095739375
1 0.10135768437499999 0.4216691234375 0.038709053125 0.4024803921875 0.03945366875 0.393201984375 0.027607573437499998 0.45661929843750004 0.091518665625 0.46428660156249996 0.10135768437499999 0.4216691234375
1 0.9557550703125001 0.661448715625 0.79256400625 0.6237730906250001 0.7960264328125 0.6269350359375 0.76751464375 0.6959550812499999 0.9339413609375 0.7438280328125 0.9557550703125001 0.661448715625
1 0.48661491874999996 0.16331372187499998 0.40626490468750004 0.1542137765625 0.40102217500000004 0.1648162875 0.3916367015625 0.19336300312500002 0.476484828125 0.20113884375 0.48661491874999996 0.16331372187499998
1 0.562693590625 0.166702396875 0.49214871718750003 0.157503565625 0.4916308734375 0.1597465921875 0.48075616875 0.2068501171875 0.5502010562499999 0.2087072625 0.562693590625 0.166702396875
1 0.3039725859375 0.20383766718750002 0.23993289999999998 0.1725148921875 0.2394150578125 0.1747579171875 0.231484934375 0.2272664109375 0.2914800546875 0.24584253125000002 0.3039725859375 0.20383766718750002
1 0.6355027296875 0.20241234062500002 0.5767700703124999 0.1723147890625 0.5754433140625 0.1720084828125 0.5518831828125 0.22563366093749998 0.6212298953125 0.25818165937500004 0.6355027296875 0.20241234062500002
1 0.599473559375 0.54611855 0.5520013921875 0.5398838921875 0.5509657046875 0.54436994375 0.5331661453125001 0.5851495828125 0.5880810109375 0.5954651015625 0.599473559375 0.54611855
1 0.652770596875 0.55133540625 0.602127071875 0.5467311625 0.6029359859375 0.5492804921875 0.59102559375 0.60087006875 0.6450029500000001 0.58498078125 0.652770596875 0.55133540625