1 0.39906982343749997 0.3761472640625 0.549872934375 0.2648028890625 0.62398501875 0.2887440046875 0.6088839875 0.2444314265625 0.5318675390625 0.1957485625 0.38278352031249996 0.32287716718750004 0.3805939 0.325876575 0.39906982343749997 0.3761472640625
1 0.4428347453125 0.5142152109375 0.609625603125 0.4399224015625 0.6711248328125 0.43277006250000005 0.6574443390625 0.3880231828125 0.5912673125000001 0.384955803125 0.4335334921875 0.46346951562500005 0.4354878484375 0.4698619296875 0.4428347453125 0.5142152109375
1 0.47528972031250005 0.6254513109375 0.659488859375 0.5877757625 0.723295340625 0.572928109375 0.6968843625 0.501783684375 0.6333764359375 0.5328498703125 0.4717882390625 0.5682725015625001 0.472439690625 0.57040330625 0.47528972031250005 0.6254513109375
1 0.515498825 0.73664670625 0.7018332453125 0.7262780109375 0.756220840625 0.6653805734375 0.7368582031249999 0.6223708984375 0.6853116796875 0.682399734375 0.5091562734374999 0.6803365015625 0.5070842859375 0.67864 0.515498825 0.73664670625
1 0.39776691875000003 0.3718856546875 0.3172758578125 0.43377380624999995 0.318461128125 0.4427313234375 0.32900199531249996 0.47212827500000004 0.4135194015625 0.41832903750000006 0.39776691875000003 0.3718856546875
1 0.45171085624999996 0.4975216734375 0.3497308296875 0.5450099078124999 0.349079378125 0.542879103125 0.35772918125 0.59149399375 0.47113678593749997 0.566141696875 0.45171085624999996 0.4975216734375
1 0.4960096 0.642416334375 0.38088289999999997 0.6519844 0.3836063390625 0.65581170625 0.38876361875 0.7031643937500001 0.5103415453125 0.68929401875 0.4960096 0.642416334375
1 0.5234882187500001 0.7272141859375 0.40214555625 0.7316927453125001 0.403448459375 0.735954353125 0.41440551406250004 0.7768739250000001 0.5391230703125001 0.778353478125 0.5234882187500001 0.7272141859375
1 0.22517628906249998 0.4526115796875 0.23548188906249998 0.49140035 0.2872093390625 0.4522859546875 0.3266314484375 0.454213240625 0.3155567640625 0.417989578125 0.2836535234375 0.42541340468750005 0.22517628906249998 0.4526115796875
1 0.289787678125 0.6588652484375 0.3471429328125 0.6483199078124999 0.3850268765625 0.6553774046874999 0.37146401406249996 0.6059346156250001 0.33411389062499997 0.605703828125 0.2809026109375 0.6196421796875 0.2829745984375 0.621338678125 0.289787678125 0.6588652484375
1 0.3447449171875 0.828460953125 0.41145576562499997 0.8383550421875 0.43092707812500003 0.8207522031250001 0.42115529687500003 0.7887901453125 0.398426725 0.7957389671875 0.32976151875 0.7794524640625 0.3283409828125 0.7798867671874999 0.3447449171875 0.828460953125
1 0.43116294687499995 0.445554484375 0.334448875 0.47978288750000003 0.337289946875 0.47891428437499994 0.3491337140625 0.5125728453125 0.4389803703125 0.47112412812500004 0.43116294687499995 0.445554484375