1 0.4875 0.20390625 0.19375 0.0359375
1 0.46796875 0.30625 0.190625 0.0515625
1 0.49140625 0.38203125 0.1875 0.04375
1 0.48828125 0.4578125 0.196875 0.040625
1 0.48828125 0.628125 0.1921875 0.0484375
1 0.48828125 0.70078125 0.1828125 0.0421875
1 0.30078125 0.5640625 0.190625 0.0515625
1 0.30546875 0.70546875 0.1828125 0.053125
1 0.30078125 0.8125 0.1796875 0.0609375
1 0.11484375 0.8234375 0.1796875 0.04375
1 0.11015625 0.3984375 0.19375 0.0375
1 0.1109375 0.4953125 0.2015625 0.0359375
1 0.753125 0.27578125 0.1875 0.040625
1 0.6828125 0.50390625 0.18125 0.059375
1 0.6875 0.6859375 0.175 0.04375
1 0.68359375 0.84296875 0.1984375 0.046875
1 0.89921875 0.8359375 0.18125 0.0578125
1 0.89765625 0.66640625 0.1859375 0.0625
1 0.29140625 0.17890625 0.19375 0.0515625
1 0.2875 0.31640625 0.1890625 0.0515625