1 0.75078125 0.7609375 0.2703125 0.115625
1 0.7515625 0.73046875 0.2625 0.090625
1 0.7359375 0.80859375 0.290625 0.10625
1 0.71171875 0.84375 0.2546875 0.0890625
1 0.553125 0.20390625 0.3296875 0.1171875
1 0.553125 0.24921875 0.3515625 0.1125
1 0.5421875 0.29453125 0.3578125 0.125
1 0.521875 0.34453125 0.3703125 0.13125
1 0.50078125 0.44296875 0.3515625 0.11875
1 0.4921875 0.4875 0.3546875 0.125
1 0.47265625 0.5890625 0.35 0.121875
1 0.4421875 0.684375 0.3453125 0.128125
1 0.43125 0.78671875 0.353125 0.125
1 0.41953125 0.88125 0.3453125 0.1234375
1 0.45546875 0.63203125 0.353125 0.125
1 0.43125 0.73125 0.3578125 0.1203125
1 0.5125 0.3875 0.359375 0.1296875