1 0.90546875 0.55859375 0.0796875 0.0421875
1 0.73125 0.5984375 0.084375 0.046875
1 0.5578125 0.64375 0.090625 0.0453125
1 0.4671875 0.6625 0.0875 0.0484375
1 0.3703125 0.6875 0.0890625 0.0453125
1 0.5359375 0.559375 0.0796875 0.0390625
1 0.628125 0.53671875 0.0828125 0.05
1 0.6453125 0.615625 0.090625 0.0515625
1 0.803125 0.49609375 0.090625 0.0546875
1 0.81953125 0.57578125 0.0875 0.0609375
1 0.88671875 0.47265625 0.0921875 0.05625
1 0.25234375 0.62265625 0.09375 0.0578125
1 0.1125 0.65390625 0.1453125 0.0640625
1 0.12109375 0.72890625 0.146875 0.0703125
1 0.27265625 0.70390625 0.084375 0.05
1 0.35234375 0.6015625 0.090625 0.0578125
1 0.44453125 0.5765625 0.0921875 0.059375