1 0.6477591031250001 0.79365079375 0.6477591031250001 0.9920634921874999 0.9943977593750001 1 1 0.091036415625 0.756302521875 0.072362278125 0.021008404687500003 0.11904761875 0.014005603124999998 0.11204481875000001 0.007002801562499999 0.788982259375 0.6477591031250001 0.79365079375
1 0.7422969187499999 0.1330532203125 0.9943977593750001 0.1563958921875 0.9943977593750001 0.10737628437499999 0.74579831875 0.07936507968749999 0.3151260515625 0.10971055 0.3151260515625 0.105042015625 0.30112044843749997 0.182072828125 0.7422969187499999 0.1330532203125
1 1 0.17040149375 0.74579831875 0.1307189546875 0.3046218484375 0.1610644265625 0.30112044843749997 0.1727357609375 0.290616246875 0.2497665734375 0.759803921875 0.1984126984375 1 0.2334267046875 1 0.17040149375
1 1 0.22408963593750003 0.73179271875 0.1984126984375 0.31720753749999997 0.22374845937500001 0.294117646875 0.294117646875 0.74579831875 0.2544351078125 1 0.294117646875 1 0.22408963593750003
1 0.756302521875 0.31279178281250003 0.9943977593750001 0.33846872031249997 1 0.2754435109375 0.7668067234375 0.25910364218750004 0.3046218484375 0.287114846875 0.297619046875 0.2894491125 0.290616246875 0.3431372546875 0.756302521875 0.31279178281250003
1 0.7492997203125 0.37114845937499996 0.98389355625 0.40149393125 0.9943977593750001 0.3361344546875 0.759803921875 0.310457515625 0.3046218484375 0.3267973859375 0.30112044843749997 0.31512605 0.2766106453125 0.39915966406250003 0.7492997203125 0.37114845937499996
1 0.773809525 0.43183940156249995 1 0.44817927187500006 0.9978991593750001 0.389822596875 0.7703081218750001 0.3641456578125 0.297619046875 0.387488328125 0.290616246875 0.3944911296875 0.28011204375 0.45284780625 0.773809525 0.43183940156249995
1 0.307381503125 0.443292690625 0.297619046875 0.5018674140625 0.7528011203125 0.48552754374999996 1 0.5065359484374999 0.9943977593750001 0.44817927187500006 0.7703081218750001 0.4271708671875 0.307381503125 0.443292690625
1 0.7528011203125 0.6045751640625 1 0.6279178328125 0.9978991593750001 0.560224090625 0.7387955171875 0.5462184875 0.290616246875 0.5532212890625 0.290616246875 0.5625583562500001 0.297619046875 0.6209150328125 0.7528011203125 0.6045751640625
1 0.759803921875 0.71661998125 0.9978991593750001 0.737628384375 1 0.6769374406249999 0.7633053203125 0.6676003734375 0.297619046875 0.669934640625 0.30112044843749997 0.67226890625 0.290616246875 0.7399626515625 0.759803921875 0.71661998125
1 1 0.7212885140624999 0.73179271875 0.7212885140624999 0.2871148453125 0.7259570484375 0.30112044843749997 0.7306255828125 0.2766106453125 0.79365079375 0.7668067234375 0.788982259375 1 0.8099906640625001 1 0.7212885140624999