1 0.50420168125 0.901027078125 0.5053688140625 0.847338934375 0.413165265625 0.8660130718750001 0.287114846875 0.8846872093749999 0.2859477125 0.9383753499999999 0.41549953281249996 0.9220354796875 0.50420168125 0.901027078125
1 0.78046875 0.3796875 0.11328125 0.04453125
1 0.77734375 0.19921875 0.11875 0.04453125
1 0.6328125 0.20078125 0.11796875 0.0375
1 0.63671875 0.53203125 0.11796875 0.046875
1 0.51328125 0.19609375 0.115625 0.0375
1 0.3953125 0.19921875 0.1234375 0.03984375
1 0.2484375 0.19609375 0.109375 0.0421875
1 0.13046875 0.20078125 0.1203125 0.0515625
1 0.78125 0.8625 0.1109375 0.05859375
1 0.89609375 0.86484375 0.1109375 0.05859375
1 0.90234375 0.540625 0.1140625 0.04921875
1 0.77578125 0.5359375 0.125 0.04921875