1 0.29256146875 0.1587301578125 0.3018985375 0.10270775000000001 0.12138188593749999 0.1307189546875 0.1276065984375 0.1307189546875 0.12138188593749999 0.1797385625 0.29256146875 0.1587301578125
1 0.56956115625 0.105042015625 0.5664488015625 0.0373482734375 0.3143479609375 0.09570495 0.32368503125000003 0.098039215625 0.31746031874999997 0.149393090625 0.56956115625 0.105042015625
1 0.31123560625 0.28244631249999996 0.31123560625 0.21008403437499998 0.1307189546875 0.2357609703125 0.1276065984375 0.23809523906250002 0.1307189546875 0.310457515625 0.31123560625 0.28244631249999996
1 0.5664488015625 0.25910364218750004 0.5726735140625 0.191409896875 0.34474831875 0.21451042343750001 0.32368503125000003 0.2754435109375 0.5664488015625 0.25910364218750004
1 0.32368503125000003 0.37114845937499996 0.32368503125000003 0.3291316515625 0.146280734375 0.3338001859375 0.1369436671875 0.3267973859375 0.146280734375 0.39915966406250003 0.32368503125000003 0.37114845937499996
1 0.58823529375 0.387488328125 0.5975723609375 0.303454715625 0.3472791421875 0.3238098875 0.3143479609375 0.37114845937499996 0.58823529375 0.387488328125
1 0.329909740625 0.4925303453125 0.3454715234375 0.4201680671875 0.1556178015625 0.4201680671875 0.1556178015625 0.43183940156249995 0.146280734375 0.47852474375 0.329909740625 0.4925303453125
1 0.5820105812499999 0.49719887968750004 0.58823529375 0.4341736703125 0.3641456578125 0.4295051359375 0.35792094531249996 0.43183940156249995 0.354808590625 0.483193278125 0.5820105812499999 0.49719887968750004
1 0.342359165625 0.5228758171875 0.1680672265625 0.50420168125 0.15873015937499999 0.550887021875 0.33924681093750003 0.5625583562500001 0.342359165625 0.5228758171875
1 0.56956115625 0.5905695609375 0.5944600062500001 0.5392156859375 0.3641456578125 0.5228758171875 0.348583878125 0.5135387484375 0.348583878125 0.578898225 0.56956115625 0.5905695609375
1 0.36103330312500004 0.662931840625 0.36103330312500004 0.6092436984375 0.1742919390625 0.58823529375 0.171179584375 0.585901028125 0.164954871875 0.6349206359374999 0.36103330312500004 0.662931840625
1 0.58823529375 0.7119514484375 0.5944600062500001 0.644257703125 0.3641456578125 0.6139122312499999 0.36103330312500004 0.6209150328125 0.367258015625 0.6769374406249999 0.58823529375 0.7119514484375