1 0.6875 0.21171875 0.2046875 0.04921875
1 0.68515625 0.25859375 0.22109375 0.04921875
1 0.6875 0.3015625 0.2109375 0.046875
1 0.684375 0.34296875 0.209375 0.04921875
1 0.6890625 0.38984375 0.2078125 0.053125
1 0.68828125 0.4359375 0.215625 0.046875
1 0.6890625 0.478125 0.2109375 0.0375
1 0.68203125 0.51796875 0.20234375 0.0515625
1 0.6796875 0.6046875 0.20625 0.05546875
1 0.9015625 0.21796875 0.19609375 0.0625
1 0.903125 0.25703125 0.19375 0.05546875
1 0.9015625 0.3 0.19609375 0.06484375
1 0.89765625 0.34453125 0.203125 0.05546875