1 0.0668449203125 0.171568628125 0.1797385625 0.1938502671875 0.26440879375000004 0.10695187187499999 0.1589423640625 0.0802139046875 0.0830120640625 0.1452970203125 0.0668449203125 0.171568628125
1 0.19310754531250002 0.2807486640625 0.191622103125 0.2361853828125 0.075757575 0.2361853828125 0.0742721328125 0.2406417109375 0.07724301875 0.2785205 0.19310754531250002 0.2807486640625
1 0.19904931718750002 0.38324420625 0.20053475937499998 0.3565062375 0.0906120015625 0.3389185984375 0.0906120015625 0.3743315515625 0.19904931718750002 0.38324420625
1 0.6951871656249999 0.666221034375 0.738265003125 0.5436720140625 0.5436720140625 0.521390375 0.5421865718750001 0.525846703125 0.49910873437500003 0.6439393953125 0.6951871656249999 0.666221034375
1 0.7947118234375 0.1893939390625 0.797682709375 0.144830659375 0.6431966734375 0.144830659375 0.6431966734375 0.1492869875 0.635769459375 0.19607843125 0.7947118234375 0.1893939390625
1 0.763517528125 0.3431372546875 0.76797385625 0.2807486640625 0.622400475 0.2807486640625 0.62388591875 0.2829768265625 0.62388591875 0.33422459843749996 0.763517528125 0.3431372546875
1 0.6953125 0.24765625 0.1453125 0.053125
1 0.50546875 0.1171875 0.11171875 0.046875
1 0.5046875 0.17265625 0.11171875 0.046875
1 0.459375 0.65859375 0.13203125 0.046875
1 0.46484375 0.71640625 0.13359375 0.0515625
1 0.26796875 0.50546875 0.10546875 0.04921875
1 0.07109375 0.51484375 0.09765625 0.053125
1 0.88125 0.2671875 0.13046875 0.07109375