1 0.16953125 0.29609375 0.053125 0.02265625
1 0.17109375 0.18359375 0.0625 0.0203125
1 0.27734375 0.64375 0.05234375 0.01796875
1 0.3546875 0.18125 0.05625 0.02890625
1 0.3515625 0.4109375 0.0609375 0.02421875
1 0.40859375 0.41328125 0.0625 0.03359375
1 0.53046875 0.41796875 0.059375 0.02421875
1 0.28125 0.29609375 0.0546875 0.0265625
1 0.35 0.3 0.0578125 0.0203125
1 0.35 0.52734375 0.0609375 0.02890625
1 0.2765625 0.75546875 0.065625 0.0265625
1 0.346875 0.7578125 0.0609375 0.01796875
1 0.40625 0.64375 0.0578125 0.02265625
1 0.58828125 0.41796875 0.053125 0.02421875
1 0.64921875 0.30390625 0.053125 0.02890625
1 0.71796875 0.30546875 0.0609375 0.0265625
1 0.77421875 0.190625 0.053125 0.02421875
1 0.77421875 0.6453125 0.05625 0.02890625
1 0.76875 0.53125 0.0578125 0.02421875
1 0.83046875 0.421875 0.059375 0.0203125
1 0.771875 0.88203125 0.0578125 0.02265625
1 0.63828125 0.76015625 0.0671875 0.03125
1 0.459375 0.7609375 0.0625 0.02421875
1 0.40859375 0.07265625 0.059375 0.02421875
1 0.77578125 0.08125 0.0609375 0.02421875
1 0.77421875 0.7375 0.05625 0.03125
1 0.2171875 0.64140625 0.0625 0.03125
1 0.09453125 0.525 0.0609375 0.0375
1 0.10546875 0.29609375 0.059375 0.02265625
1 0.5890625 0.6453125 0.0546875 0.02421875