1 0.49765625 0.20390625 0.19296875 0.02890625
1 0.475 0.30546875 0.18984375 0.04453125
1 0.4953125 0.38203125 0.1859375 0.0375
1 0.48984375 0.4578125 0.19609375 0.03359375
1 0.48359375 0.62734375 0.19140625 0.0421875
1 0.48125 0.7 0.18125 0.0359375
1 0.2984375 0.55703125 0.18984375 0.04453125
1 0.2984375 0.6984375 0.18125 0.046875
1 0.28984375 0.80546875 0.178125 0.05546875
1 0.10390625 0.81015625 0.178125 0.0375
1 0.1140625 0.38515625 0.19296875 0.03125
1 0.1109375 0.48203125 0.20078125 0.02890625
1 0.7609375 0.284375 0.1859375 0.03359375
1 0.6828125 0.51015625 0.1796875 0.053125
1 0.68125 0.6921875 0.1734375 0.0375
1 0.671875 0.84921875 0.19765625 0.03984375
1 0.8875 0.85 0.1796875 0.0515625
1 0.89140625 0.68046875 0.184375 0.05546875
1 0.303125 0.171875 0.19296875 0.04453125
1 0.29375 0.309375 0.18828125 0.04453125