1 0.271875 0.19140625 0.18125 0.03984375
1 0.26875 0.35625 0.2078125 0.053125
1 0.26875 0.5703125 0.19296875 0.0578125
1 0.26796875 0.68046875 0.19453125 0.046875
1 0.47578125 0.68203125 0.20625 0.04453125
1 0.484375 0.94453125 0.2046875 0.04453125
1 0.68515625 0.5640625 0.2046875 0.0625
1 0.89765625 0.56953125 0.20390625 0.046875
1 0.89609375 0.68125 0.2078125 0.05859375
1 0.68828125 0.28828125 0.19765625 0.06484375
1 0.69296875 0.9421875 0.19765625 0.0578125
1 0.08984375 0.2484375 0.1796875 0.06015625
1 0.0890625 0.95 0.175 0.06875
1 0.2703125 0.73984375 0.19609375 0.04453125
1 0.475 0.734375 0.20234375 0.046875
1 0.678125 0.1328125 0.20625 0.0515625
1 0.465625 0.146875 0.20625 0.04453125