1 0.54375 0.12890625 0.2265625 0.0640625
1 0.55703125 0.23984375 0.2375 0.0875
1 0.5734375 0.33046875 0.2390625 0.06875
1 0.58671875 0.4203125 0.2359375 0.0921875
1 0.60546875 0.55234375 0.2421875 0.084375
1 0.61640625 0.6265625 0.2390625 0.0984375
1 0.63203125 0.70703125 0.2140625 0.075
1 0.646875 0.7765625 0.2265625 0.078125
1 0.66484375 0.88984375 0.2296875 0.103125
1 0.803125 0.0484375 0.2625 0.096875
1 0.8296875 0.1421875 0.2578125 0.084375
1 0.8375 0.30546875 0.2703125 0.0765625
1 0.8546875 0.42421875 0.240625 0.0859375
1 0.871875 0.56328125 0.25625 0.0984375
1 0.88203125 0.690625 0.2359375 0.1
1 0.88671875 0.803125 0.2265625 0.0875
1 0.89375 0.9203125 0.2125 0.090625
1 0.8890625 0.878125 0.221875 0.121875