1 0.698983296875 0.1742919390625 0.7026143796875 0.1016702984375 0.3594771234375 0.0242072140625 0.3576615828125 0.036310821874999996 0.3522149609375 0.1089324625 0.698983296875 0.1742919390625
1 0.9876543203124999 0.198499153125 0.99310094375 0.118615346875 0.7498184453125 0.060518034374999995 0.74255628125 0.072621640625 0.7207697890625 0.13313967499999999 0.9876543203124999 0.198499153125
1 0.68445896875 0.3267973859375 0.68445896875 0.24207213749999998 0.35039941875 0.1912369890625 0.3522149609375 0.1936577109375 0.348583878125 0.26627934999999997 0.68445896875 0.3267973859375
1 0.698983296875 0.44783345468749997 0.6935366734375 0.3873154203125 0.35186396875 0.3563084734375 0.3467683359375 0.4333091265625 0.698983296875 0.44783345468749997
1 0.3467683359375 0.5930767359375 0.6935366734375 0.5858145734375 0.6917211328125 0.5204550953125 0.3522149609375 0.5204550953125 0.3467683359375 0.5930767359375
1 0.6899055921875 0.7189542484375 0.686274509375 0.6511740500000001 0.3340595484375 0.6826434265625 0.3376906328125 0.6850641484375 0.3413217140625 0.7431614625 0.6899055921875 0.7189542484375
1 0.68445896875 0.801258775 0.3467683359375 0.856935365625 0.3395061734375 0.919874121875 0.686274509375 0.883563303125 0.68445896875 0.801258775
1 0.9694989093749999 0.30259017187500004 0.97312999375 0.256596465625 0.7244008703125 0.2178649234375 0.7207697890625 0.21302348124999998 0.711692084375 0.27112079375000003 0.9694989093749999 0.30259017187500004
1 0.9567901234375 0.44541273124999997 0.9586056656249999 0.3727910921875 0.7207697890625 0.3582667625 0.7207697890625 0.3606874859375 0.711692084375 0.418784796875 0.9567901234375 0.44541273124999997
1 0.9513434999999999 0.653594771875 0.9513434999999999 0.5930767359375 0.7135076265625 0.597918178125 0.7153231671875 0.597918178125 0.7153231671875 0.66327765625 0.9513434999999999 0.653594771875
1 0.9567901234375 0.7286371328125 0.9586056656249999 0.6729605421875 0.7171387078125 0.7020091984375 0.7171387078125 0.6995884765625 0.7080610015625 0.757685790625 0.9567901234375 0.7286371328125
1 0.9440813359375 0.8545146453125 0.945896878125 0.7915758890625 0.711692084375 0.83999031875 0.711692084375 0.8327281531249999 0.7098765421875 0.9029290718749999 0.9440813359375 0.8545146453125
1 0.9477124187499999 0.9319777296874999 0.949527959375 0.86419753125 0.7135076265625 0.9271362875 0.7080610015625 0.919874121875 0.7062454609375 0.982812878125 0.9477124187499999 0.9319777296874999
1 0.084375 0.31328125 0.16171875 0.04140625
1 0.08046875 0.375 0.1578125 0.0390625
1 0.07734375 0.44296875 0.1546875 0.04375
1 0.07734375 0.5109375 0.1546875 0.01953125
1 0.0796875 0.54609375 0.14921875 0.0265625