1 0.401246725 0.374404653125 0.5539700937500001 0.2657091125 0.6276530609375001 0.2909400171875 0.613327690625 0.24637063750000002 0.5371726046874999 0.1963510671875 0.38589259375 0.320858434375 0.383650959375 0.3238191703125 0.401246725 0.374404653125
1 0.4425953625 0.5132153734375 0.6106574046875 0.4418447828125 0.67227209375 0.4357668421875 0.659374625 0.39078801875 0.593261209375 0.386566159375 0.434181159375 0.46231507968749996 0.43602365625 0.46874062656250004 0.4425953625 0.5132153734375
1 0.47310405624999996 0.62500095 0.6579326703125 0.5905458593749999 0.7219885609375 0.57681404375 0.696823246875 0.5052195187499999 0.6327828125 0.53517260625 0.47060101562499995 0.567769740625 0.47121518125 0.5699115906250001 0.47310405624999996 0.62500095
1 0.511366409375 0.7368811562500001 0.697853409375 0.7297660234375 0.753295528125 0.66982705625 0.7346864609375 0.6264860078125001 0.682100140625 0.6856060890625 0.506007571875 0.6804688343749999 0.5039655093750001 0.6787364296875 0.511366409375 0.7368811562500001
1 0.40001839375000003 0.3701209546875 0.31845949375 0.43059491562499996 0.31948825468750003 0.4395717546875 0.3295144671875 0.46914819375 0.4149579265625 0.4168321828125 0.40001839375000003 0.3701209546875
1 0.4517614640625 0.49667928906250003 0.3489681859375 0.54238049375 0.3483540203125 0.54023864375 0.356154059375 0.588997090625 0.4699868515625 0.565627890625 0.4517614640625 0.49667928906250003
1 0.49352470000000004 0.6423250015625 0.3782485484375 0.649882371875 0.380904778125 0.653756625 0.385234853125 0.701192109375 0.5070363343750001 0.6894456734375 0.49352470000000004 0.6423250015625
1 0.5195192078125 0.72758950625 0.3981168640625 0.7299496609375 0.39934519375 0.734233359375 0.409586434375 0.7753379265625 0.5342591734375 0.7789938750000001 0.5195192078125 0.72758950625
1 0.22604518750000002 0.4478224625 0.23567226093750002 0.48678518281249994 0.2880744734375 0.4485795125 0.3274569421875 0.451194515625 0.317016134375 0.41478308906250005 0.2849881890625 0.421648996875 0.22604518750000002 0.4478224625
1 0.2870471140625 0.6551723421875 0.34457767499999997 0.6456295937500001 0.382332678125 0.65334718125 0.3696347765625 0.6036752187500001 0.33229436875 0.6027926171875 0.27884793750000003 0.6158001796875 0.28089 0.6175325828125 0.2870471140625 0.6551723421875
1 0.3390361296875 0.8257013515624999 0.40556414218750003 0.8367582 0.42533970156249995 0.8194978624999999 0.41612722343749997 0.78737013125 0.3932808375 0.7939212265625 0.3249103296875 0.77643883125 0.32348242968749996 0.7768482750000001 0.3390361296875 0.8257013515624999
1 0.4321236359375 0.4443614046875 0.334826925 0.47689670156249997 0.33768272499999996 0.4760778140625 0.348937265625 0.5099379515625 0.43949361875 0.4700635859375 0.4321236359375 0.4443614046875