1 0.3321798125 0.7120040125 0.333344715625 0.7053975234375 0.30009319375 0.6768280609375 0.290773971875 0.7296799984375 0.3206037 0.7848936859375 0.3321798125 0.7120040125
1 0.8677631 0.5771079703125 0.8641225625000001 0.5832779390625 0.7436659453125001 0.56430881875 0.7370648296875 0.601745609375 0.858055578125 0.63216206875 0.8677631 0.5771079703125
1 0.77293434375 0.4127960234375 0.88232351875 0.43662555156250005 0.8934146875 0.395439215625 0.8938029890625 0.39323705000000003 0.7769869109374999 0.3680979625 0.566267978125 0.41949717656249996 0.5616083671875 0.44592314218749995 0.77293434375 0.4127960234375
1 0.83046875 0.21640625 0.2171875 0.128125
1 0.73125 0.7828125 0.2046875 0.090625
1 0.97109375 0.23828125 0.0578125 0.0671875
1 0.94765625 0.42578125 0.1046875 0.0890625
1 0.9265625 0.6015625 0.13125 0.0703125
1 0.890625 0.80703125 0.1265625 0.1015625
1 0.6568254234375 0.6080329250000001 0.72730811875 0.6136490296875 0.8628610171875 0.619385609375 0.873102671875 0.575778846875 0.7325255859375 0.5623444734375 0.7398795781249999 0.5568292859375 0.6684744515625 0.5419680046875001 0.6568254234375 0.6080329250000001
1 0.6574799234375 0.5536531640625 0.6496647156249999 0.554545765625 0.5956619546875 0.549564884375 0.584959084375 0.5885490546875001 0.64978681875 0.6045211953125 0.6574799234375 0.5536531640625
1 0.627314553125 0.7753973921874999 0.6358571734375 0.7269497828125 0.6350076578125 0.7245293578124999 0.6090134859375 0.719945884375 0.5676313703125 0.701295940625 0.5581663203125 0.740498371875 0.627314553125 0.7753973921874999
1 0.5882350468750001 0.5482553203125 0.5857594125000001 0.5478187984375 0.5350818015625001 0.5456948625 0.5288689859375 0.5809294890625 0.5776050921875 0.5940642421875 0.5882350468750001 0.5482553203125
1 0.6456069421875 0.25183621718750004 0.639394128125 0.28707084374999997 0.7162354671875 0.27110182968749996 0.7177170187499999 0.2199185828125 0.6456069421875 0.25183621718750004
1 0.66635645 0.112445103125 0.6618663953125 0.1161946484375 0.6069174734375 0.13829451875 0.5955838328125 0.19533252343750002 0.6587362625 0.1701378890625 0.66635645 0.112445103125
1 0.632136778125 0.2630848578125 0.6304377453125001 0.25824400625 0.5827699015625 0.2680039359375 0.5752226281249999 0.332521475 0.6277688296874999 0.3168098359375 0.632136778125 0.2630848578125
1 0.7722306578125 0.4240251046875 0.88780891875 0.4489459359375 0.8941912890625 0.3910348890625 0.8938029890625 0.39323705000000003 0.7728851578125 0.36964534531250004 0.6959709046875 0.37878960625 0.6854867796875 0.43824803437500004 0.7722306578125 0.4240251046875