1 0.26875 0.13046875 0.28203125 0.06015625
1 0.2703125 0.175 0.28515625 0.0421875
1 0.2625 0.22421875 0.28671875 0.06875
1 0.26171875 0.26875 0.29140625 0.05546875
1 0.26328125 0.321875 0.28828125 0.0515625
1 0.26328125 0.3640625 0.3015625 0.0515625
1 0.26484375 0.41328125 0.31015625 0.05546875
1 0.27421875 0.459375 0.33984375 0.0671875
1 0.25625 0.56015625 0.2984375 0.06875
1 0.259375 0.609375 0.2953125 0.05546875
1 0.26015625 0.65859375 0.303125 0.05546875
1 0.2546875 0.70859375 0.2984375 0.0578125
1 0.25 0.76015625 0.2953125 0.04921875
1 0.2484375 0.81328125 0.3046875 0.0625
1 0.81796875 0.5984375 0.15859375 0.02421875
1 0.81796875 0.671875 0.16171875 0.0375
1 0.81796875 0.7484375 0.16171875 0.04921875
1 0.54375 0.41328125 0.11015625 0.02421875