1 0.73359375 0.1953125 0.18125 0.04375
1 0.73359375 0.36015625 0.209375 0.05625
1 0.7296875 0.57421875 0.19375 0.0609375
1 0.72890625 0.684375 0.1953125 0.05
1 0.52109375 0.6828125 0.20625 0.0484375
1 0.5078125 0.94453125 0.2046875 0.0484375
1 0.3140625 0.5609375 0.20625 0.065625
1 0.1015625 0.5625 0.203125 0.05
1 0.10234375 0.6734375 0.2046875 0.0625
1 0.315625 0.28515625 0.1984375 0.06875
1 0.29921875 0.9390625 0.1984375 0.0609375
1 0.91171875 0.25546875 0.1765625 0.0640625
1 0.903125 0.95703125 0.1765625 0.071875
1 0.72578125 0.74375 0.196875 0.0484375
1 0.52109375 0.73515625 0.203125 0.05
1 0.328125 0.1296875 0.2078125 0.0546875
1 0.540625 0.14765625 0.20625 0.0484375