1 0.27833431875 0.21372175000000002 0.07506435624999999 0.15060008593750002 0.0769269171875 0.1598083671875 0.0752211421875 0.22245604531250002 0.2688302484375 0.2911261953125 0.27833431875 0.21372175000000002
1 0.025974598437500003 0.407440540625 0.0179596515625 0.49379245781250003 0.2316267125 0.5088029890625 0.23639787499999998 0.45775618125 0.025974598437500003 0.407440540625
1 0.0306454578125 0.55141333125 0.032202292187499995 0.645949340625 0.222434325 0.6446130296875 0.2316668515625 0.5694201390625 0.0306454578125 0.55141333125
1 0.2193344609375 0.8283139796875 0.228528734375 0.7778102609374999 0.23787790625 0.7138561796875 0.017848665625 0.73847261875 0.0179653125 0.7497114265625 0.019015125 0.850860696875 0.2193344609375 0.8283139796875
1 0.4157241984375 0.3136523 0.3082883125 0.2622975796875 0.3072021328125 0.2711438015625 0.298784240625 0.33970202656250004 0.40610348125 0.3798179359375 0.4157241984375 0.3136523
1 0.273046121875 0.41524523437500005 0.264644203125 0.48367336562499996 0.3851161328125 0.5141797375 0.3955514828125 0.4413794328125 0.273046121875 0.41524523437500005
1 0.3787922078125 0.5291175375 0.2646059515625 0.5083625374999999 0.26313158125 0.5081815062499999 0.248001571875 0.582650278125 0.3668824859375 0.6017368125 0.3787922078125 0.5291175375
1 0.35555410468750004 0.6452438046875 0.23768286718749998 0.6666893921875 0.24210597812499998 0.66723248125 0.224298775 0.7391276359375001 0.348339040625 0.7161946140625 0.35555410468750004 0.6452438046875
1 0.34275135625 0.6885697671875 0.23531735625 0.7225213703125 0.2357055484375 0.7315486234375 0.22220480937499998 0.792748059375 0.33631267187499997 0.7775750828125 0.34275135625 0.6885697671875
1 0.91640625 0.33359375 0.121875 0.0484375
1 0.91015625 0.39140625 0.0953125 0.0359375
1 0.90234375 0.45703125 0.10625 0.040625
1 0.840625 0.51015625 0.14375 0.0546875
1 0.8359375 0.60546875 0.15625 0.075
1 0.2569970328125 0.314367128125 0.053843714062500006 0.262484271875 0.05357216875 0.264695828125 0.04810301875 0.33361610937499997 0.249665321875 0.374079128125 0.2569970328125 0.314367128125
1 0.44575092187500004 0.1422371421875 0.32935216562499997 0.0785574359375 0.32465750937500004 0.08022590156250001 0.320934275 0.14711565937499999 0.43760457500000005 0.208583809375 0.44575092187500004 0.1422371421875
1 0.30273699375 0.12467723906249999 0.10571256250000001 0.0106897953125 0.11106695468750001 0.015837026562500002 0.0837537921875 0.0798303078125 0.2948621921875 0.18881235000000002 0.30273699375 0.12467723906249999