1 0.2889112546875 0.1028282578125 0.1968978078125 0.044137473437500005 0.1942271203125 0.042197103125 0.1866589515625 0.0764828796875 0.29511897187499997 0.1420222375 0.2889112546875 0.1028282578125
1 0.30430214843750003 0.116864471875 0.3014412578125 0.16701789218750002 0.3793709453125 0.2113957765625 0.37133742812500004 0.160674153125 0.30430214843750003 0.116864471875
1 0.45182323281250003 0.221190734375 0.39064799375 0.19306612031249998 0.3917434734375 0.199982703125 0.397106303125 0.2487639578125 0.46010733750000005 0.28841621875 0.45182323281250003 0.221190734375
1 0.46400668125 0.2482470328125 0.46575658906250006 0.301701646875 0.5118886093749999 0.3392989703125 0.5032393421875 0.2697679625 0.46400668125 0.2482470328125
1 0.3475230625 0.3535150953125 0.2538198375 0.31399885781250003 0.2526097875 0.3212806015625 0.2574928875 0.381954659375 0.35277132031249997 0.41649468125 0.3475230625 0.3535150953125
1 0 0.27048321249999996 0.163116628125 0.3307281984375 0.157617778125 0.251244753125 0 0.193312646875 0 0.27048321249999996
1 0.2104942859375 0.6895457281249999 0.05796425625 0.7113407515625 0.057541809374999996 0.7161343859375 0.0692269234375 0.78991129375 0.2217569546875 0.7681162734375 0.2104942859375 0.6895457281249999
1 0.3529223390625 0.35525054375 0.3558644515625 0.41364141249999997 0.43615695 0.4505549734375 0.42289662968749997 0.38175428437500003 0.3529223390625 0.35525054375
1 0.38025849375 0.6721111765625001 0.292648415625 0.6859872484375 0.2910732078125 0.6909634671875 0.29747422968750004 0.753760471875 0.39351881718750004 0.7409118671875 0.38025849375 0.6721111765625001
1 0.4424504734375 0.6693510265625 0.3790484453125 0.6793929203125 0.38123940312500004 0.6932260921875 0.38896504374999996 0.7345430234375 0.45084915 0.7223781796875001 0.4424504734375 0.6693510265625
1 0.488868915625 0.671452521875 0.44281563437499993 0.6716565546875 0.4446414328125 0.683184196875 0.4472762875 0.737124246875 0.494904778125 0.7319440015625001 0.488868915625 0.671452521875
1 0.48516734375 0.41679548593750004 0.438133153125 0.39588460312499996 0.43577033906249996 0.40334892812499995 0.43469631093750005 0.441332859375 0.4908380484375 0.47498143437499996 0.48516734375 0.41679548593750004