1 0.36171875 0.8609375 0.13515625 0.0515625
1 0.51328125 0.86484375 0.146875 0.0609375
1 0.64765625 0.8609375 0.1453125 0.0609375
1 0.8078125 0.84921875 0.128125 0.05625
1 0.93828125 0.85390625 0.1234375 0.04765625
1 0.2 0.85625 0.1265625 0.03828125
1 0.06015625 0.865625 0.1203125 0.034375
1 0.196875 0.36328125 0.14375 0.0453125
1 0.359375 0.3640625 0.1484375 0.04296875
1 0.05859375 0.36171875 0.1171875 0.0609375
1 0.51953125 0.05625 0.14375 0.05390625
1 0.66171875 0.06015625 0.13203125 0.05625
1 0.20078125 0.06171875 0.1515625 0.04765625
1 0.82421875 0.06328125 0.13671875 0.040625