1 0.71724318125 0.25642064531250003 0.6015515671875 0.266429015625 0.60135736875 0.2686487015625 0.5985648203125 0.3176112390625 0.713285446875 0.31870129375 0.71724318125 0.25642064531250003
1 0.79140625 0.290625 0.1203125 0.046875
1 0.78125 0.41875 0.1265625 0.05
1 0.54296875 0.415625 0.09375 0.0515625
1 0.5359375 0.4921875 0.09375 0.0453125
1 0.51875 0.65859375 0.0953125 0.0375
1 0.50234375 0.82265625 0.0953125 0.0453125
1 0.503125 0.88828125 0.090625 0.046875
1 0.634375 0.55859375 0.10625 0.0375
1 0.63203125 0.634375 0.1125 0.04375
1 0.63203125 0.7140625 0.1234375 0.0546875
1 0.62265625 0.7890625 0.125 0.0546875
1 0.62109375 0.9046875 0.13125 0.0453125
1 0.6125 0.97109375 0.134375 0.0578125
1 0.77109375 0.6078125 0.1328125 0.0640625
1 0.76796875 0.725 0.1203125 0.0515625
1 0.76171875 0.840625 0.134375 0.0625
1 0.7546875 0.9171875 0.1390625 0.05625
1 0.4203125 0.734375 0.0984375 0.0546875
1 0.36875 0.34453125 0.09375 0.0390625
1 0.35390625 0.44140625 0.0953125 0.0390625
1 0.3453125 0.53828125 0.0921875 0.040625
1 0.44296875 0.515625 0.084375 0.0359375
1 0.5203125 0.61953125 0.0859375 0.046875
1 0.4078125 0.90390625 0.0890625 0.0453125
1 0.31640625 0.8890625 0.0859375 0.0453125
1 0.20625 0.8 0.0734375 0.0421875
1 0.2171875 0.64453125 0.0765625 0.0453125
1 0.259375 0.33984375 0.0890625 0.0359375
1 0.171875 0.303125 0.0796875 0.03125