1 0.0034247140624999997 0.1488760015625 0 0.24933429999999998 0.3703703703125 0.12103607031250001 0.5936819171875001 0.27112079375000003 0.60094408125 0.2009198734375 0.3703703703125 0.019365771875 0.0034247140624999997 0.1488760015625
1 0.0033105296875 0.297325028125 0 0.36794965 0.3667392875 0.2832244015625 0.5918663765625001 0.3727910921875 0.5918663765625001 0.3001694515625 0.377632534375 0.1912369890625 0.0033105296875 0.297325028125
1 0 0.5180343749999999 0.3540305015625 0.5131929328125 0.5936819171875001 0.5180343749999999 0.597313 0.4502541765625 0.3576615828125 0.42120551875 0 0.45751634062499996 0 0.46235778281249995 0 0.5180343749999999
1 0.348583878125 0.670539821875 0.602759621875 0.6390704421875 0.602759621875 0.5664488015625 0.36310820625 0.573710965625 0 0.5761316859375001 0.001815540625 0.58097313125 0.001815540625 0.6390704421875 0.348583878125 0.670539821875
1 0.3540305015625 0.8133623812499999 0.60094408125 0.7431614625 0.599128540625 0.66327765625 0.3540305015625 0.7358992984375 0 0.6899055921875 0.001815540625 0.6995884765625 0 0.757685790625 0.3540305015625 0.8133623812499999
1 0.3540305015625 0.9924957640625 0.597313 0.86419753125 0.599128540625 0.7818930046875 0.3558460421875 0.8980876296875 0.001815540625 0.7988380546875 0.001815540625 0.803679496875 0.001815540625 0.8787218578125 0.3540305015625 0.9924957640625
1 0.85078125 0.2265625 0.2984375 0.065625
1 0.8484375 0.27578125 0.303125 0.06796875
1 0.846875 0.36328125 0.30625 0.11640625
1 0.84375 0.4859375 0.31171875 0.0828125
1 0.84765625 0.53828125 0.3046875 0.10390625
1 0.846875 0.696875 0.30625 0.0921875