1 0.5 0.5 1 1
1 0.6298225671875 0 0.40450760937499997 0.0540843203125 0.298145546875 0.167934259375 0.3217898875 0.2561761453125 0.43851859375 0.1695364203125 0.8468815234375 0.069342965625 0.8292692640625001 0 0.6298225671875 0
1 0.4734429203125 0.3285723296875 0.893579715625 0.23214436875 0.8656170875000001 0.13352573750000002 0.8653218421875 0.126684553125 0.45897043281250005 0.22864579062499998 0.34369035625 0.32643118125 0.36675800625 0.4125208265625 0.4734429203125 0.3285723296875
1 0.47918223125 0.3270344859375 0.3615815859375 0.4046807859375 0.3843539921875 0.48392924531250003 0.5059914734375 0.42134863593749994 0.9217961828125001 0.3030138046875 0.8995525046875 0.2143966109375 0.47918223125 0.3270344859375
1 0.5244593953125001 0.5017504781250001 0.9442733406249999 0.37542108125 0.92494728125 0.2975559390625 0.9243705906249999 0.295403696875 0.5036709078125 0.401209540625 0.3900656984375 0.459331146875 0.41112183125 0.5436530140625 0.5244593953125001 0.5017504781250001
1 0.54438975 0.6048281171875 0.9621783734375 0.4652008109375 0.9459758109375 0.35881754843749997 0.94396429375 0.3570497703125 0.5192967796875 0.5054405640625 0.394185346875 0.5435776015625 0.4336541953125 0.6621808 0.54438975 0.6048281171875
1 0.5585531890625 0.6863833453125 0.9780580859375 0.5416826343750001 0.9547089906249999 0.46028192968750004 0.9549904343750001 0.4555929890625 0.5498200109375 0.5849189625 0.41609961562500003 0.625362765625 0.4377186359375 0.70030674375 0.5585531890625 0.6863833453125
1 1 0.5965427265625001 0.984360284375 0.530766903125 0.9811953859375 0.5246946421875001 0.543332978125 0.6812345265624999 0.43227457343750003 0.7086857703125 0.46282541093749996 0.811224425 0.570169825 0.79860893125 1 0.6359439 1 0.5965427265625001
1 1 0.610198909375 0.576739665625 0.77147413125 0.45964670781250005 0.7936220328125 0.48271435937499996 0.8797116796875001 0.60471609375 0.8816228890625 1 0.722024515625 1 0.610198909375
1 1 0.7064643984375001 0.5779896609375 0.8564895046875 0.4717710265625 0.8503492250000001 0.488522675 0.9358244750000001 0.6160098796875 0.9639470375 1 0.7978011375 1 0.7064643984375001
1 0.16436994375 0.1622575515625 0.1963280046875 0.2413514890625 0.2955159328125 0.1294238546875 0.25236069687499996 0.0487166609375 0.24949104218749998 0.0494855828125 0.16436994375 0.1622575515625
1 0.3050244390625 0.15917076875 0.3047429921875 0.1638597140625 0.2110129296875 0.2789384453125 0.2383712625 0.3523445828125 0.3238014078125 0.2579439265625 0.3050244390625 0.15917076875
1 0.2519166078125 0.3971571859375 0.2720869984375 0.4609555 0.374776478125 0.3965316953125 0.3453197578125 0.3125683375 0.2519166078125 0.3971571859375
1 0.3794314140625 0.44834000625000003 0.277867715625 0.4940080375 0.30754661250000004 0.587553265625 0.4073802390625 0.535428509375 0.3794314140625 0.44834000625000003
1 0.4325008125 0.6578763171875 0.4316426765625 0.6604130203125 0.319698534375 0.6673407124999999 0.3522470859375 0.76011701875 0.4478314375 0.7552661546875 0.4325008125 0.6578763171875
1 0.3513613484375 0.739593465625 0.361192703125 0.79924181875 0.47545741250000007 0.812453221875 0.4474288234375 0.7458256328124999 0.3513613484375 0.739593465625
1 0.46769278124999997 0.8006931546875 0.467988028125 0.807534340625 0.35802780312500004 0.7931695578125 0.373330821875 0.8674991375 0.4887627171875 0.8965451484375 0.46769278124999997 0.8006931546875
1 0.3756237859375 0.8645779765625001 0.39694756249999996 0.9326807718750001 0.5138280843749999 0.9728724484375 0.49114489375000003 0.8882176296875001 0.3756237859375 0.8645779765625001
1 0.526882875 1 0.52243705 0.9705656828125001 0.5184140125 0.9670301218749999 0.38715761249999997 0.9076227984375 0.4087766359375 0.982566778125 0.4616068453125 1 0.526882875 1
1 0.2340667796875 0.353497965625 0.22775077812500003 0.3528835671875 0.170975778125 0.405004625 0.18768602343750002 0.45588949218749997 0.2490469515625 0.3979261078125 0.2340667796875 0.353497965625
1 0.1836767890625 0.46388405625000007 0.1998103421875 0.51261668125 0.267487271875 0.455267696875 0.24663352187499998 0.39931424375 0.1836767890625 0.46388405625000007
1 0.2727050953125 0.49769812187499995 0.20331189374999997 0.5601205109375 0.217715375 0.6023964140625 0.28743142499999996 0.5698754625 0.2727050953125 0.49769812187499995
1 0.23097927343750002 0.6518979578125 0.2465361375 0.6984783421875 0.3108081265625 0.6743364203125 0.2942797703125 0.6236266796875001 0.23097927343750002 0.6518979578125