1 0.1330228375 0.841226390625 0.3693035046875 0.8814020749999999 0.37403229374999997 0.8297891078124999 0.3734201703125 0.82725211875 0.15244845625 0.7882151203125 0.105387296875 0.7533935171875 0.08814909062500001 0.8021184531250001 0.1330228375 0.841226390625
1 0.71328125 0.28125 0.109375 0.065625
1 0.61171875 0.26640625 0.1 0.0578125
1 0.55 0.54375 0.1046875 0.065625
1 0.65625 0.56171875 0.1078125 0.06875
1 0.8359375 0.3140625 0.1078125 0.059375
1 0.93828125 0.3359375 0.1078125 0.053125
1 0.71640625 0.87265625 0.10625 0.0671875
1 0.8078125 0.8953125 0.0953125 0.05
1 0.4921875 0.81484375 0.1171875 0.08125
1 0.19140625 0.16015625 0.1 0.0578125
1 0.12421875 0.43828125 0.10625 0.065625