1 0.5890625 0.13671875 0.22421875 0.0375
1 0.58828125 0.2484375 0.23203125 0.06015625
1 0.59375 0.340625 0.2359375 0.03984375
1 0.59609375 0.43125 0.23046875 0.06484375
1 0.5984375 0.56484375 0.2375 0.05546875
1 0.6 0.63984375 0.23203125 0.07109375
1 0.60546875 0.721875 0.209375 0.04921875
1 0.61171875 0.7921875 0.22265625 0.0515625
1 0.61640625 0.90703125 0.22265625 0.07578125
1 0.85859375 0.07578125 0.25234375 0.09375
1 0.87109375 0.18515625 0.25390625 0.053125
1 0.85859375 0.34765625 0.2671875 0.04453125
1 0.8609375 0.46796875 0.2359375 0.0578125
1 0.8671875 0.60859375 0.26171875 0.0671875
1 0.86328125 0.7375 0.24375 0.07109375
1 0.85390625 0.85 0.234375 0.06015625
1 0.8515625 0.9671875 0.23046875 0.0625
1 0.8546875 0.925 0.2421875 0.09375