1 0.79609375 0.70859375 0.26171875 0.0671875
1 0.790625 0.678125 0.25859375 0.0421875
1 0.790625 0.7578125 0.28515625 0.053125
1 0.7734375 0.796875 0.25078125 0.0421875
1 0.4953125 0.19921875 0.325 0.05546875
1 0.5046875 0.24375 0.34921875 0.046875
1 0.50234375 0.28984375 0.35390625 0.0578125
1 0.49140625 0.34296875 0.365625 0.0625
1 0.48984375 0.44375 0.34765625 0.053125
1 0.48984375 0.4890625 0.34921875 0.06015625
1 0.48984375 0.59296875 0.34453125 0.0578125
1 0.478125 0.6921875 0.3390625 0.06484375
1 0.4875 0.79453125 0.34765625 0.06015625
1 0.49375 0.88984375 0.33984375 0.06015625
1 0.48125 0.63828125 0.34765625 0.06015625
1 0.4765625 0.73984375 0.35390625 0.053125
1 0.490625 0.3875 0.3546875 0.0625