1 0.310499715625 0.3809900921875 0.32379995 0.42819424687499996 0.4488314375 0.4016131484375 0.432251525 0.364287521875 0.310499715625 0.3809900921875
1 0.2964497625 0.3799003859375 0.17195731718750001 0.4086434625 0.17841419375 0.4529611078125 0.30759383281249997 0.4184566296875 0.2964497625 0.3799003859375
1 0.4506127484375 0.43331828437500003 0.45241730156250004 0.42827560625 0.3144255671875 0.4397170484375 0.323589275 0.47647067343750005 0.4682485625 0.461070446875 0.4506127484375 0.43331828437500003
1 0.46516687343749996 0.4916916890625 0.4675104671875 0.4888109890625 0.3332920265625 0.515386278125 0.344072859375 0.5586258390625 0.47162375 0.5360093328125 0.46516687343749996 0.4916916890625
1 0.5330628749999999 0.80084873125 0.529465390625 0.7925601828125 0.3939814359375 0.8263401265624999 0.40097735468750006 0.8728197484375 0.5472653875 0.845531546875 0.5330628749999999 0.80084873125
1 0.34872518124999996 0.607986159375 0.34547930781249997 0.6133881999999999 0.2233304578125 0.6392505765625 0.22853344375 0.672398965625 0.36616194375 0.6656408421875 0.34872518124999996 0.607986159375
1 0.3792631265625 0.74274751875 0.3767437234375 0.738782921875 0.23370156406249998 0.76066908125 0.2540209640625 0.8176050421875001 0.40715235468750005 0.7932033578125 0.3792631265625 0.74274751875
1 0.7504535234375 0.28507554687500003 0.74991448125 0.2829135671875 0.7057726421875 0.2962157421875 0.7143973078125 0.3308073875 0.7643044203125 0.3160677703125 0.7504535234375 0.28507554687500003
1 0.789252896875 0.45911186875 0.7851163703124999 0.448661340625 0.7429548953125 0.4637661296875 0.7531966859375 0.5048437109374999 0.80833003125 0.486504671875 0.789252896875 0.45911186875
1 0.6425420500000001 0.300499015625 0.6420030078125001 0.29833703749999996 0.5834479859374999 0.3152328203125 0.589002584375 0.362071803125 0.6630488796875 0.345906365625 0.6425420500000001 0.300499015625
1 0.5217662468750001 0.71869938125 0.49837678125 0.6740107531249999 0.5005445703125 0.6642847578125 0.3791105671875 0.6991544078125 0.387559428125 0.7269007625 0.3877352328125 0.7337460546875 0.5217662468750001 0.71869938125