1 0.50078125 0.5 0.9953125 1
1 0.47385620937499995 0.164884134375 0.6090314921875 0.21836007031250002 0.6090314921875 0.1270053484375 0.47682709531249995 0.0445632796875 0.05199049375 0.0557041 0.05199049375 0.0601604296875 0.053475935937499997 0.1737967921875 0.47385620937499995 0.164884134375
1 0.48128342343749997 0.3275401078125 0.60606060625 0.3810160421875 0.60606060625 0.2918894828125 0.46939988125000004 0.227272728125 0.050505049999999996 0.23395721875 0.05199049375 0.2406417109375 0.050505049999999996 0.3431372546875 0.48128342343749997 0.3275401078125
1 0.0401423203125 0.3275401078125 0.04159239375 0.41889483125 0.47385620937499995 0.4255793234375 0.6075460484375 0.454545453125 0.6090314921875 0.3721033875 0.4753416515625 0.3275401078125 0.0401423203125 0.3275401078125
1 0.47682709531249995 0.5080213890625 0.59714795 0.5191622109375 0.5956625078125 0.43226381406250003 0.4708853234375 0.4055258453125 0.037136067187499996 0.4122103375 0.037136067187499996 0.41443850312499997 0.038621509375 0.49465240625 0.47682709531249995 0.5080213890625
1 0.4842543078125 0.6127450984375 0.60606060625 0.639483065625 0.61348781875 0.5147058828125 0.4827688640625 0.5102495546875 0.034165181249999996 0.47682709531249995 0.032679739062500004 0.4790552578125 0.0445632796875 0.5860071296875 0.4842543078125 0.6127450984375
1 0.491681521875 0.6951871671875 0.6120023781249999 0.6773618531250001 0.61348781875 0.5993761156249999 0.47385620937499995 0.5949197875000001 0.0490196078125 0.5748663109375001 0.050505049999999996 0.5793226375 0.0490196078125 0.6639928703125 0.491681521875 0.6951871671875
1 0.5095068328125001 0.806595365625 0.6164587046875 0.79099821875 0.619429590625 0.6840463453125001 0.5050505046875 0.686274509375 0.04159239375 0.6483957234375 0.040106953125 0.6550802124999999 0.043077835937499996 0.759803921875 0.5095068328125001 0.806595365625
1 0.4976232921875 0.8957219234375 0.6149732609375 0.862299465625 0.6149732609375 0.7731729046875 0.49613785000000005 0.7820855609375 0.040106953125 0.7352941171875 0.038621509375 0.7308377890625 0.043077835937499996 0.8400178265625 0.4976232921875 0.8957219234375
1 0.04432961875 0.8267489046875 0.040106953125 0.9090909093749999 0.508021390625 0.9781639921874999 0.62388591875 0.9180035656250001 0.617944146875 0.83110516875 0.5169340453125 0.8645276296875 0.04432961875 0.8267489046875
1 0.622400475 0 0.6016042781250001 0.089126559375 0.7263814625 0.171568628125 0.7367795609375001 0.0868983953125 0.6253713609375 0 0.622400475 0
1 0.7144979203124999 0.28966131875 0.7219251343749999 0.211675578125 0.6016042781250001 0.124777184375 0.600118834375 0.1203208546875 0.6075460484375 0.2205882359375 0.7144979203124999 0.28966131875
1 0.71004159375 0.403297684375 0.7130124765625 0.3364527625 0.60089875625 0.2789207234375 0.5941770656250001 0.367647059375 0.71004159375 0.403297684375
1 0.7130124765625 0.43672014218750005 0.6030897203125 0.41889483125 0.5986333921875 0.5102495546875 0.7085561499999999 0.5347593578125001 0.7130124765625 0.43672014218750005
1 0.71004159375 0.713012478125 0.71746880625 0.6149732625000001 0.6075460484375 0.6372549015625 0.60606060625 0.6350267374999999 0.6164587046875 0.733065953125 0.71004159375 0.713012478125
1 0.711527034375 0.7531194296875 0.7055852640625 0.692959003125 0.6144042125 0.72384290625 0.6045751640625 0.7954545468750001 0.711527034375 0.7531194296875
1 0.71746880625 0.8221925125 0.7130124765625 0.7464349390625 0.610516934375 0.7887700546875 0.6090314921875 0.7820855609375 0.61348781875 0.8801247765625 0.71746880625 0.8221925125
1 0.711527034375 0.8912655984375 0.7144979203124999 0.81996435 0.6090314921875 0.8726975640625 0.6090314921875 0.96033868125 0.711527034375 0.8912655984375
1 0.6253713609375 1 0.7130124765625 0.9425133703125 0.7144979203124999 0.8645276296875 0.6030897203125 0.955882353125 0.600118834375 0.96033868125 0.6045751640625 1 0.6253713609375 1
1 0.790255496875 0.376559715625 0.79322638125 0.3230837796875 0.7248960203125 0.2874331546875 0.7189542484375 0.28966131875 0.7159833625 0.3364527625 0.790255496875 0.376559715625
1 0.79322638125 0.43449197812499996 0.796197265625 0.38324420625 0.7186738328125 0.3371689578125 0.7130124765625 0.396613190625 0.79322638125 0.43449197812499996
1 0.8021390374999999 0.481283421875 0.7189542484375 0.43894830625000003 0.7234105765625001 0.51247771875 0.7991681515625 0.525846703125 0.8021390374999999 0.481283421875
1 0.796197265625 0.62611408125 0.7991681515625 0.5770944734375 0.730707421875 0.5661698890625 0.727866903125 0.619429590625 0.796197265625 0.62611408125