1 0.79296875 0.26875 0.171875 0.09375
1 0.778125 0.3328125 0.16875 0.078125
1 0.7765625 0.43203125 0.1265625 0.0625
1 0.74921875 0.56015625 0.13125 0.06875
1 0.71953125 0.65625 0.13125 0.06875
1 0.6671875 0.8734375 0.1265625 0.0671875
1 0.65390625 0.35859375 0.16875 0.075
1 0.63125 0.45078125 0.1734375 0.0921875
1 0.62109375 0.55703125 0.1203125 0.0640625
1 0.58984375 0.6828125 0.1234375 0.0609375
1 0.56875 0.7765625 0.1203125 0.06875
1 0.52734375 0.93203125 0.128125 0.0671875
1 0.49453125 0.59375 0.134375 0.0828125
1 0.3109375 0.80859375 0.1265625 0.065625
1 0.21875 0.63359375 0.1640625 0.0796875
1 0.1875 0.81171875 0.1203125 0.065625
1 0.16953125 0.9046875 0.1265625 0.065625
1 0.06953125 0.73984375 0.1390625 0.0765625
1 0.0640625 0.8078125 0.128125 0.071875
1 0.0578125 0.87421875 0.115625 0.0671875
1 0.83515625 0.7109375 0.1296875 0.0734375
1 0.7875 0.9078125 0.1203125 0.065625
1 0.7625 0.98046875 0.128125 0.0390625
1 0.890625 0.46015625 0.13125 0.0828125
1 0.92421875 0.33359375 0.1265625 0.0734375
1 0.928125 0.16328125 0.14375 0.0796875
1 0.8640625 0.58203125 0.1265625 0.0765625
1 0.34765625 0.68125 0.128125 0.0640625