1 0.268026071875 0.121485246875 0.090637678125 0.16512292343749999 0.0968387046875 0.1645804046875 0.09491001875 0.213955996875 0.2636072078125 0.17810825156250001 0.268026071875 0.121485246875
1 0.5258731890624999 0.0333174078125 0.27981778749999997 0.11342405625 0.289322771875 0.11493565937500001 0.28759753125 0.1666366375 0.5348735984374999 0.1004822953125 0.5258731890624999 0.0333174078125
1 0.2866860703125 0.227639153125 0.10909423124999999 0.26895144375 0.10619716406249999 0.2715480890625 0.1156044640625 0.34336374531249997 0.2929928578125 0.2997260703125 0.2866860703125 0.227639153125
1 0.32045704218750004 0.22912787343750002 0.304784575 0.291664878125 0.5452004421875001 0.25422893125 0.5455015703125 0.1862502609375 0.32045704218750004 0.22912787343750002
1 0.3094638046875 0.34514871875 0.133141475 0.3652612921875 0.123229603125 0.35909891875 0.138837928125 0.4303720578125 0.3131258109375 0.387005640625 0.3094638046875 0.34514871875
1 0.3325043109375 0.33779084375 0.303824271875 0.3878194203125 0.57809349375 0.38022625625 0.58007101875 0.29569863750000003 0.3325043109375 0.33779084375
1 0.3391017390625 0.43393989531250005 0.14997046875 0.4504867375 0.15098769218750002 0.46211365937500004 0.1457550515625 0.509435128125 0.3299059625 0.5073831125 0.3391017390625 0.43393989531250005
1 0.5821623890625001 0.42673394687500005 0.3585185921875 0.4416138765625 0.3525210109375 0.444481778125 0.3538962859375 0.4959114984375 0.581454371875 0.4900618453125 0.5821623890625001 0.42673394687500005
1 0.164463890625 0.5804370078125001 0.3453108453125 0.5763308671875 0.3449527953125 0.5365280718750001 0.16969653125 0.533115540625 0.164463890625 0.5804370078125001
1 0.5975184296875 0.5308337265625 0.3666563828125 0.534629253125 0.3503400421875 0.5266840140625 0.35603649531250003 0.5917947781249999 0.5771901125000001 0.5841622625 0.5975184296875 0.5308337265625
1 0.3710833296875 0.6209397390625 0.18322156875 0.6162868593749999 0.1799176125 0.6142327359374999 0.177988928125 0.6636083296875 0.37576255937499997 0.67442358125 0.3710833296875 0.6209397390625
1 0.6066734453125 0.6354760265625 0.3745907296875 0.625319246875 0.372100553125 0.6325666609375 0.383184253125 0.6878333671875 0.6063723171875 0.703454696875 0.6066734453125 0.6354760265625