1 0.40918811875000005 0.09272833750000001 0.3980825984375 0.5316970171875 0.8836556734375 0.5192140546874999 0.8938797796875001 0.1538295015625 0.895713025 0.14723191093750002 0.7750906125 0.1498352453125 0.6479515078125 0.16325316406249998 0.6322822234375 0.09326409531249999 0.40918811875000005 0.09272833750000001
1 0.76299013125 0.1536635296875 0.7601399296875 0.151282934375 0.6452179203124999 0.1586474578125 0.6460856984375 0.19885492968750001 0.7534740609374999 0.19332680625 0.76299013125 0.1536635296875
1 0.7634240218749999 0.1737672640625 0.7633074093750001 0.17599237343750002 0.6514688234375 0.1812872734375 0.64800299375 0.21903640625 0.7629250046875 0.2116718828125 0.7634240218749999 0.1737672640625
1 0.644019225 0.20990273906249998 0.6471867015625 0.23461217968749998 0.7585588343749999 0.238217725 0.75722951875 0.20702600625 0.644019225 0.20990273906249998
1 0.7616422593750001 0.2361480984375 0.7605086953125 0.2293950234375 0.6455866828125 0.23675954843749997 0.6434876468749999 0.276811534375 0.76902673125 0.265540984375 0.7616422593750001 0.2361480984375
1 0.575 0.19765625 0.1125 0.0375
1 0.4546875 0.2265625 0.125 0.0421875
1 0.459375 0.29296875 0.115625 0.04375
1 0.453125 0.353125 0.1109375 0.0484375
1 0.45546875 0.39453125 0.11875 0.0453125
1 0.453125 0.44765625 0.1234375 0.059375
1 0.45234375 0.47890625 0.1171875 0.0453125
1 0.57421875 0.35703125 0.1234375 0.053125
1 0.57578125 0.403125 0.11875 0.05
1 0.56953125 0.44765625 0.11875 0.0546875
1 0.57265625 0.484375 0.125 0.0578125
1 0.82578125 0.334375 0.1171875 0.0609375
1 0.828125 0.41953125 0.10625 0.0390625
1 0.83125 0.45078125 0.1046875 0.0390625
1 0.82734375 0.50078125 0.1109375 0.0421875
1 0.70703125 0.5046875 0.109375 0.0484375
1 0.83515625 0.234375 0.1140625 0.053125
1 0.70859375 0.46015625 0.1171875 0.0703125
1 0.703125 0.35546875 0.115625 0.0453125
1 0.575 0.2390625 0.1140625 0.04375
1 0.5734375 0.26640625 0.1125 0.0328125
1 0.57109375 0.2875 0.1203125 0.034375
1 0.57421875 0.3125 0.1109375 0.0390625
1 0.83046875 0.27734375 0.1078125 0.0390625
1 0.4609375 0.16640625 0.115625 0.04375
1 0.7046875 0.396875 0.1140625 0.0421875