1 0.78046875 0.23203125 0.05625 0.0328125
1 0.75625 0.121875 0.065625 0.0328125
1 0.74765625 0.59453125 0.0546875 0.028125
1 0.57578125 0.1578125 0.0609375 0.040625
1 0.6265625 0.38203125 0.0640625 0.0359375
1 0.57109375 0.39609375 0.06875 0.0453125
1 0.453125 0.42578125 0.0625 0.0359375
1 0.671875 0.2546875 0.059375 0.0375
1 0.60546875 0.2734375 0.0609375 0.03125
1 0.65234375 0.4953125 0.065625 0.040625
1 0.771875 0.703125 0.0703125 0.0390625
1 0.703125 0.7203125 0.0640625 0.0296875
1 0.621875 0.62109375 0.0609375 0.034375
1 0.396875 0.43828125 0.05625 0.034375
1 0.31328125 0.3390625 0.0578125 0.0390625
1 0.24609375 0.3546875 0.065625 0.0390625
1 0.1671875 0.2546875 0.05625 0.034375
1 0.26171875 0.69921875 0.0609375 0.040625
1 0.24375 0.58671875 0.0609375 0.0359375
1 0.16015625 0.4921875 0.0625 0.0328125
1 0.31328125 0.93046875 0.0609375 0.034375
1 0.41875 0.78359375 0.071875 0.0453125
1 0.59375 0.746875 0.065625 0.0359375
1 0.50078125 0.06328125 0.0625 0.0359375
1 0.14296875 0.14765625 0.0640625 0.0359375
1 0.28125 0.7890625 0.0609375 0.0421875
1 0.80625 0.5796875 0.0671875 0.04375
1 0.9015625 0.43984375 0.0671875 0.05
1 0.84375 0.21875 0.0625 0.034375
1 0.44296875 0.6609375 0.0578125 0.034375