1 0.16415483125000002 0.2110310234375 0.24416111406250002 0.119820421875 0.137439865625 0.098638784375 0.0650198125 0.167606590625 0.050249774999999997 0.1946883171875 0.16415483125000002 0.2110310234375
1 0.17823773437499998 0.252686184375 0.06253199375 0.2587500640625 0.061281814062499995 0.263278028125 0.0662310515625 0.3009494203125 0.182053403125 0.29711065 0.17823773437499998 0.252686184375
1 0.0827427046875 0.3605650671875 0.084596075 0.3959294875 0.1933512328125 0.3991547578125 0.1934352828125 0.37237569062500003 0.0827427046875 0.3605650671875
1 0.7402240859375 0.5311423359375 0.5447316484375 0.51907544375 0.54348146875 0.52360340625 0.5066431609375 0.6437887765625 0.7036190046875 0.6557779265625 0.7402240859375 0.5311423359375
1 0.77868661875 0.12973789687499998 0.6244123 0.137823071875 0.6246455265625 0.1422732921875 0.6196773656250001 0.1893893203125 0.7780520656250001 0.1743955890625 0.77868661875 0.12973789687499998
1 0.7561318796875 0.267024471875 0.6107580015625 0.27464319375 0.612358021875 0.2767905609375 0.6150401234375 0.3279681 0.754946825 0.3295607875 0.7561318796875 0.267024471875
1 0.68203125 0.2375 0.1484375 0.0609375
1 0.48515625 0.1171875 0.1140625 0.053125
1 0.4875 0.17265625 0.1140625 0.053125
1 0.46796875 0.66015625 0.134375 0.053125
1 0.4765625 0.71796875 0.1359375 0.0578125
1 0.26875 0.51796875 0.1078125 0.0546875
1 0.07265625 0.5375 0.1 0.0578125
1 0.86875 0.24765625 0.134375 0.078125