1 0.8564166234374999 0 0.8554315656249999 0.001777090625 0.135753271875 0.1595747875 0 0.21001221406249998 0 0.5628564984375 0.12826983281249998 1 0.48965898125 1 0.43890596249999997 0.8230031890625 1 0.6576785468749999 1 0.4621733484375 0.8622843093749999 0 0.8564166234374999 0
1 0 0.2787203640625 0.1659450125 0.2140541984375 0.603542690625 0.139570153125 0.5688470703124999 0.0693838515625 0.57013389375 0.073871534375 0.14778079375 0.1634109625 0 0.2244085734375 0 0.2787203640625
1 0 0.3571482171875 0.167131715625 0.28170734531249997 0.6322989015625 0.2017462078125 0.6009690453125 0.1305947890625 0.5943862281250001 0.12034069843749999 0.161935840625 0.212775475 0 0.28784960000000004 0 0.3571482171875
1 0 0.42258246718750003 0.19603663437500002 0.3316990734375 0.641157953125 0.24534431250000002 0.5995661484375 0.18406554375 0.19405781093750002 0.2739864109375 0 0.3503048703125 0 0.42258246718750003
1 0 0.472950840625 0.202024625 0.39069046093750004 0.65803535 0.2914998671875 0.63650536875 0.2418217453125 0.6291304328125 0.24150813906250002 0.17712888124999998 0.3419774578125 0 0.406475696875 0 0.472950840625
1 0 0.522274425 0.0076997078125000005 0.5386890296875 0.2248414296875 0.444856265625 0.686940265625 0.34149159687499997 0.640217128125 0.26746912031250003 0.6400684234375 0.27965344375 0.1980154515625 0.3894117359375 0 0.470407134375 0 0.522274425
1 0 0.5675148125 0.0050854234375 0.5880053968750001 0.21800978437500002 0.5099519609375001 0.6983729640624999 0.3940650671875 0.6721903953125 0.3408643796875 0.6635286390624999 0.3360630890625 0.202716625 0.443915440625 0 0.5276220656249999 0 0.5675148125
1 0.2200887265625 0.5044991609375 0.0104706421875 0.586461209375 0.021170703125000002 0.644101434375 0.2530028171875 0.5557696140624999 0.6950557875000001 0.4460113234375 0.6695261296874999 0.3923965828125 0.2200887265625 0.5044991609375
1 0.2858167875 0.6702055312499999 0.7278697578125 0.5604472390625 0.7185160015625 0.5024209671875 0.71594235625 0.49344560312499997 0.2831945578125 0.6102490265625 0.03798861875 0.69513071875 0.0546280859375 0.760781190625 0.2858167875 0.6702055312499999
1 0.309969 0.7798401562499999 0.767415253125 0.672952921875 0.738659040625 0.6107768671875 0.74138139375 0.6075679093749999 0.2930916046875 0.7336846015625 0.0681397203125 0.8079018625 0.08688786875 0.8656626718749999 0.309969 0.7798401562499999
1 0.0803645328125 0.8505348500000001 0.10481415937500001 0.9358008296874999 0.32318322187500004 0.8513294765625 0.7956767578124999 0.720700809375 0.7547443203124999 0.6668729046874999 0.7669205484375 0.6585247546875 0.33818191875000003 0.7766069046874999 0.0803645328125 0.8505348500000001