1 0.504779765625 1 0.8705306859374999 0.5354198046875001 0.8247247296875001 0.30700717499999997 0.5405519234375 0.3891391203125 0.5228682953125 0.330671425 0 0.41555859531249995 0 0.4529085796875 0.0872156953125 1 0.504779765625 1
1 0.23759851250000003 0.479507890625 0.25577166406249996 0.5723788828124999 0.5320529656249999 0.47685783125 0.5165785671875 0.42046401875 0.23759851250000003 0.479507890625
1 0.5427905015625 0.51684285625 0.263991353125 0.639905621875 0.2662005828125 0.64197950625 0.2908303015625 0.7189298749999999 0.55247975 0.5717933140625 0.5427905015625 0.51684285625
1 0.5353104828124999 0.463966284375 0.24693474375000002 0.5640833453125 0.24556805625 0.5667877609375 0.2619976515625 0.659964621875 0.5524699671875 0.529916696875 0.5353104828124999 0.463966284375
1 0.5600626390625 0.61479801875 0.29589534375 0.7894762953125001 0.2963166140625 0.7918654453125 0.3145341703125 0.8847270437500001 0.5737490765625 0.6715070937500001 0.5600626390625 0.61479801875
1 0.3771950375 1 0.60143056875 0.755309646875 0.581640584375 0.6848962000000001 0.32643264843750003 0.9417513828124999 0.3282206078125 0.9414361171875001 0.3543033390625 1 0.3771950375 1
1 0.5563241546875 0.5090727609375 0.5734111125 0.57549284375 0.6932974468750001 0.5026215796875 0.6848720140625 0.454838571875 0.5563241546875 0.5090727609375
1 0.69593773125 0.5489612328125 0.5784761546875 0.6460392640625 0.5820520734375 0.6454087328125 0.5845894859375 0.701620253125 0.703839021875 0.604226953125 0.69593773125 0.5489612328125
1 0.7154093171875 0.6071136609375001 0.59816326875 0.7263245781250001 0.5985845390625 0.728713728125 0.610595671875 0.8177428203125 0.7282532125000001 0.6590444375 0.7154093171875 0.6071136609375001
1 0.868664465625 0.20072213749999998 0.8064043046875 0.22401744375 0.8050376187499999 0.226721859375 0.7988409796875 0.264765971875 0.8784565859375 0.245800728125 0.868664465625 0.20072213749999998
1 0.7191127171875 0.2517264640625 0.6551674703125 0.2654651703125 0.6573767015625 0.2675390546875 0.66158941875 0.2914305578125 0.728268040625 0.2722830203125 0.7191127171875 0.2517264640625