1 0.6966726078125001 0.30080213906250003 0.6951871656249999 0.238413546875 0.5808080796875 0.258467021875 0.5808080796875 0.2606951859375 0.5822935234375 0.30971479375 0.6966726078125001 0.30080213906250003
1 0.771875 0.26640625 0.1171875 0.0375
1 0.7734375 0.39453125 0.1234375 0.03984375
1 0.53515625 0.4125 0.090625 0.04453125
1 0.53515625 0.4890625 0.090625 0.0375
1 0.5328125 0.65625 0.09375 0.02890625
1 0.53046875 0.82109375 0.0921875 0.0375
1 0.53671875 0.88671875 0.0875 0.03984375
1 0.6390625 0.546875 0.10390625 0.02890625
1 0.64296875 0.62265625 0.11015625 0.03359375
1 0.65 0.7015625 0.1203125 0.04453125
1 0.64765625 0.77734375 0.121875 0.04453125
1 0.65625 0.8921875 0.128125 0.03359375
1 0.65390625 0.96171875 0.13046875 0.0515625
1 0.7796875 0.58359375 0.128125 0.053125
1 0.78671875 0.70078125 0.1171875 0.0421875
1 0.790625 0.81640625 0.13046875 0.0515625
1 0.78984375 0.89375 0.13515625 0.04453125
1 0.44140625 0.740625 0.0953125 0.046875
1 0.35546875 0.35625 0.090625 0.03125
1 0.34921875 0.4546875 0.0921875 0.03125
1 0.34921875 0.5515625 0.0890625 0.03359375
1 0.44453125 0.5203125 0.0828125 0.02890625
1 0.53046875 0.6171875 0.0828125 0.03984375
1 0.44296875 0.91015625 0.0859375 0.0375
1 0.35078125 0.90390625 0.0828125 0.0375
1 0.23359375 0.82421875 0.07109375 0.0359375
1 0.23125 0.66875 0.07265625 0.03984375
1 0.24609375 0.36171875 0.0875 0.02890625
1 0.15625 0.3328125 0.07734375 0.02421875