1 0.908953771875 0.171667625 0.915144384375 0.17231828437500002 0.738544590625 0.1255914 0.7419745734375 0.1822829 0.9100204406250001 0.22106935781249998 0.908953771875 0.171667625
1 0.717365440625 0.11867113124999999 0.7268953578125 0.1173256421875 0.4822754859375 0.0329369375 0.4721042578125 0.099934515625 0.7181881109375 0.17039434375 0.717365440625 0.11867113124999999
1 0.89772989375 0.27845569062500003 0.894878584375 0.2758088796875 0.71803479375 0.23140347656250002 0.7104708750000001 0.303369346875 0.8870706703125 0.3500962296875 0.89772989375 0.27845569062500003
1 0.45998104843750004 0.18550393437499998 0.45909573750000005 0.25347750625 0.6988216421875 0.2951035875 0.6842429828125 0.232302584375 0.45998104843750004 0.18550393437499998
1 0.8791720749999999 0.36569592812499996 0.8691541656249999 0.37168437656250003 0.693209703125 0.34849761875 0.68881775 0.3902842546875 0.8623222390624999 0.436685809375 0.8791720749999999 0.36569592812499996
1 0.4235067265625 0.29433232187499997 0.424008740625 0.37888157968749997 0.698103671875 0.39126024375 0.67030111875 0.3407387515625 0.4235067265625 0.29433232187499997
1 0.849620359375 0.468210534375 0.8508403453125 0.4566031375 0.6620266625 0.43675801875 0.669939278125 0.5103505390625 0.8540263296875 0.51561611875 0.849620359375 0.468210534375
1 0.648425453125 0.44706409843749995 0.6424788375 0.444091959375 0.41912879375 0.42531117343749997 0.41873147812499995 0.48864178437500005 0.6461528171875 0.49846198125 0.648425453125 0.44706409843749995
1 0.8296752156249999 0.5388750859375 0.6543860875 0.5392284546874999 0.6533334375 0.5790189390625 0.8340811859375 0.58628066875 0.8296752156249999 0.5388750859375
1 0.6491714640625 0.5292918765625 0.63271894375 0.536951146875 0.4019583 0.5291270984375 0.42135280937499997 0.582802290625 0.6423395390625 0.59429330625 0.6491714640625 0.5292918765625
1 0.8180400000000001 0.6198015453125 0.8147006984375 0.6217976953125001 0.626786346875 0.623171225 0.6211744078125 0.6765652578125 0.8191066687499999 0.6692032796875 0.8180400000000001 0.6198015453125
1 0.6255663609375001 0.6347786234374999 0.6232030468749999 0.627488853125 0.39097841875 0.633593684375 0.390093109375 0.7015672562499999 0.6135198109375 0.689843475 0.6255663609375001 0.6347786234374999