1 0.32265625 0.1015625 0.2875 0.0984375
1 0.31796875 0.14609375 0.2875 0.08125
1 0.303125 0.19375 0.29375 0.1078125
1 0.29609375 0.2375 0.296875 0.0953125
1 0.290625 0.290625 0.2921875 0.090625
1 0.284375 0.3328125 0.30625 0.09375
1 0.27890625 0.38125 0.315625 0.0984375
1 0.28203125 0.428125 0.3453125 0.1140625
1 0.25 0.52578125 0.3046875 0.109375
1 0.246875 0.575 0.3 0.0953125
1 0.240625 0.6234375 0.3078125 0.096875
1 0.228125 0.67265625 0.303125 0.0984375
1 0.21640625 0.72265625 0.3 0.0890625
1 0.20703125 0.775 0.3109375 0.1046875
1 0.8015625 0.64140625 0.1609375 0.0453125
1 0.790625 0.71484375 0.165625 0.059375
1 0.78046875 0.790625 0.1671875 0.071875
1 0.55546875 0.4203125 0.1125 0.0390625