1 0.6090314921875 0.1515151515625 1 0.2139037421875 0.993761140625 0.10026737968749999 0.6016042781250001 0.0289661328125 0.337195484375 0.0935828875 0.3312537140625 0.089126559375 0.3312537140625 0.2139037421875 0.6090314921875 0.1515151515625
1 1 0.2139037421875 0.6120023781249999 0.1515151515625 0.3490790265625 0.2228164 0.3490790265625 0.2250445640625 0.3550207953125 0.285204990625 0.63131313125 0.2651515140625 1 0.3230837796875 1 0.2139037421875
1 0.353297221875 0.32594136093750004 0.346108140625 0.4122103375 0.6164587046875 0.367647059375 0.9818776 0.4122103375 0.9878193703125 0.30748662968749996 0.6417112296874999 0.2450980390625 0.353297221875 0.32594136093750004
1 1 0.40775400937499995 0.619429590625 0.3743315515625 0.34016636875 0.41443850312499997 0.335710040625 0.41889483125 0.3431372546875 0.5080213890625 0.61348781875 0.49465240625 1 0.51247771875 1 0.40775400937499995
1 0.60606060625 0.6060606046875 0.9922756984375001 0.6127450984375 0.9907902546875 0.5035650609375 0.6075460484375 0.516934046875 0.335710040625 0.525846703125 0.335710040625 0.5280748656250001 0.3312537140625 0.62611408125 0.60606060625 0.6060606046875
1 0.62388591875 0.8734402843750001 0.9922756984375001 0.8177361859375001 0.9982174687500001 0.7063279859375 0.6209150328125 0.7486631 0.3594771234375 0.733065953125 0.36096256718749997 0.7397504453125 0.34759358281249997 0.8377896625 0.62388591875 0.8734402843750001
1 0.35056446874999997 0.8422459906249999 0.36096256718749997 0.724153296875 0.16191325 0.692959003125 0.16191325 0.7063279859375 0.1589423640625 0.81996435 0.35056446874999997 0.8422459906249999
1 0.34759358281249997 0.9313725484375001 0.353535353125 0.8177361859375001 0.166369578125 0.7820855609375 0.166369578125 0.7865418890625 0.1633986921875 0.9157754015625 0.34759358281249997 0.9313725484375001
1 0.34016636875 0.563725490625 0.346108140625 0.43672014218750005 0.17825311875 0.45900178125 0.1693404640625 0.46345811093749995 0.1648841359375 0.5614973265625001 0.34016636875 0.563725490625
1 0.148544265625 0.5436720140625 0.1604278078125 0.42780748749999997 0.0014854421875 0.43672014218750005 0 0.44786096249999996 0.0029708859375 0.53253119375 0.148544265625 0.5436720140625
1 0.155971478125 0.70187165625 0.157456921875 0.6082887703125001 0.0014854421875 0.5971479515625 0.0014854421875 0.592691621875 0 0.69741533125 0.155971478125 0.70187165625
1 0.33273915625 0.44340463437500005 0.33273915625 0.4122103375 0.35204990937499997 0.4055258453125 0.35204990937499997 0.3364527625 0.184194890625 0.360962565625 0.1827094484375 0.35873440156249997 0.1812240046875 0.454545453125 0.33273915625 0.44340463437500005
1 0.6327985734375 0.9959893046875001 0.9967320265625 0.955882353125 0.9907902546875 0.826648840625 0.61348781875 0.8823529406249999 0.36096256718749997 0.8333333328125001 0.3594771234375 0.835561496875 0.362448009375 0.9425133703125 0.6327985734375 0.9959893046875001