1 0.16953125 0.11484375 0.225 0.075
1 0.1671875 0.16953125 0.23125 0.075
1 0.16484375 0.2296875 0.2234375 0.0796875
1 0.16484375 0.29140625 0.2296875 0.0625
1 0.1625 0.475 0.234375 0.065625
1 0.159375 0.6484375 0.228125 0.0703125
1 0.1578125 0.828125 0.2296875 0.065625
1 0.86796875 0.11015625 0.1515625 0.0796875
1 0.86953125 0.1890625 0.1609375 0.0640625
1 0.87265625 0.24375 0.1609375 0.0609375
1 0.86875 0.29609375 0.1578125 0.0875
1 0.865625 0.425 0.159375 0.0765625
1 0.86328125 0.54375 0.1515625 0.0875
1 0.8625 0.6640625 0.1609375 0.06875
1 0.85703125 0.790625 0.159375 0.0578125
1 0.8609375 0.90234375 0.16875 0.071875
1 0.159375 0.4078125 0.2328125 0.0671875
1 0.15703125 0.76640625 0.228125 0.0671875
1 0.317883453125 0.2735399046875 0.3772722859375 0.14804171875 0.5107361984375001 0.19254961406249999 0.515801065625 0.1030091890625 0.3741224640625 0.060994046875 0.313152675 0.2101899171875 0.31189371875 0.21544022499999999 0.317883453125 0.2735399046875
1 0.5391740921875 0.23522427499999998 0.61411830625 0.154812021875 0.768558378125 0.2682257515625 0.7757731546875 0.189267425 0.6108764828125001 0.0730350296875 0.5357942687499999 0.1613533 0.53808218125 0.164029375 0.5391740921875 0.23522427499999998
1 0.3057874046875 0.8142928812499999 0.301606671875 0.8716600578125 0.3677261046875 0.9624430078125 0.49668923906250007 0.930424221875 0.4965802828125 0.869791053125 0.374894884375 0.8861200203124999 0.3057874046875 0.8142928812499999
1 0.5217473109374999 0.8992279078125 0.6056930781250001 0.9718690249999999 0.76392210625 0.9350887890624999 0.7611402843749999 0.8269584046875 0.610389946875 0.9034113109374999 0.5219143546875 0.8227827015625 0.5218223546874999 0.828053378125 0.5217473109374999 0.8992279078125