1 0.5 0.5 1 1
1 0 0.2726853734375 0.4047530078125 0.1776428203125 0.5480926578124999 0.20184565625 0.52909894375 0.11248725468750001 0.3826428609375 0.059333582812499994 0 0.151213315625 0 0.2726853734375
1 0.02771399375 0.4400203375 0.4458359984375 0.335200165625 0.579004771875 0.36156488750000004 0.56047431875 0.27438595625 0.4133653796875 0.2395945953125 0.0050141890625 0.333226146875 0.00785695625 0.339455725 0.02771399375 0.4400203375
1 0.0143348859375 0.4269185578125 0.0347469875 0.5159754750000001 0.4589545859375 0.43264119375 0.595745378125 0.43317866250000003 0.5800576921875 0.3522293140625 0.44002406718750003 0.3364355296875 0.0143348859375 0.4269185578125
1 0.047591909375000005 0.590695246875 0.47900121875 0.5126640203124999 0.59900908125 0.49854527656250003 0.5794889078125001 0.4138546578125 0.45187926718750004 0.41364361406250005 0.0289982578125 0.510363575 0.02946151875 0.51254305 0.047591909375000005 0.590695246875
1 0.072397553125 0.6788182859375 0.5080394125 0.6135550609375 0.6327430875 0.6143837859375 0.6140653625 0.49078907968749996 0.48527640781250003 0.51360813125 0.039526871875 0.574185984375 0.0385371515625 0.576674296875 0.072397553125 0.6788182859375
1 0.092970646875 0.754173328125 0.5324449953125 0.69265136875 0.6464304609375 0.6501994671875 0.63166929375 0.5736090640625 0.494162446875 0.5982811625 0.0744401921875 0.6669943984375 0.076819696875 0.671044503125 0.092970646875 0.754173328125
1 0.10707895468749999 0.8491260421875 0.573043846875 0.7979189390625 0.674415734375 0.7604260828125 0.6550851546875001 0.6551936828125 0.5436687874999999 0.6811539046874999 0.08246290625 0.740461221875 0.08239970937499999 0.747308478125 0.10707895468749999 0.8491260421875
1 0.1237563625 0.9275870812499999 0.57995044375 0.8875685953125 0.6877871140625 0.8304780671875 0.669256659375 0.7432991359375001 0.5548711328125 0.7767242999999999 0.0990771171875 0.8257695171874999 0.0966976109375 0.8217194109375001 0.1237563625 0.9275870812499999
1 0.1222220265625 0.91434785625 0.1352115015625 0.9957684328124999 0.6072619875 0.9660472203125 0.7080865421875 0.8831118546875001 0.6842074203124999 0.799347759375 0.5923535515625 0.8530410406250001 0.1222220265625 0.91434785625
1 0.5154824171875 0 0.5139585890625 0.0769804125 0.6531497625 0.1316782890625 0.64571670625 0.0466964171875 0.54978043125 0 0.5154824171875 0
1 0.6571295203124999 0.171835328125 0.5213707703125 0.11185198593750001 0.5189912640625 0.107801878125 0.5471029374999999 0.204333971875 0.6660787546875 0.2496610984375 0.6571295203124999 0.171835328125
1 0.5527289093750001 0.2627738046875 0.564601346875 0.350958775 0.6853461390625 0.361740759375 0.6743542609375 0.295738878125 0.5527289093750001 0.2627738046875
1 0.59860901875 0.4895185421875 0.711225575 0.4906385203125 0.6952010203125 0.39381517499999996 0.58397425 0.399233615625 0.59860901875 0.4895185421875
1 0.7366208765625 0.5672465140625 0.6337328078125 0.611895471875 0.6318165640625 0.6100248390624999 0.6623709390625 0.7037597765625 0.749739465625 0.6646875421875 0.7366208765625 0.5672465140625
1 0.6584437624999999 0.6951654281249999 0.6637184 0.76725575625 0.75953115 0.70360921875 0.741211165625 0.64599880625 0.6584437624999999 0.6951654281249999
1 0.7595943484375 0.6967619609375 0.66814054375 0.7594819734375 0.665297778125 0.7532523921875 0.690040221875 0.84822269375 0.77970418125 0.7699375265625 0.7595943484375 0.6967619609375
1 0.6841370734375001 0.8418843062500001 0.7023586859375001 0.9276102546875 0.788253353125 0.8387365625 0.7763349546875 0.7683757359375 0.6841370734375001 0.8418843062500001
1 0.726587540625 0.963007628125 0.8003613453125 0.8885556078124999 0.78560018125 0.8119652015625001 0.6956202328125001 0.924486671875 0.6936407906250001 0.9294632999999999 0.7062457906249999 0.9673314015625 0.726587540625 0.963007628125
1 0.75003573125 0.26598463125 0.6757863703125 0.24531973906250001 0.6704377015625 0.24873457499999999 0.677260225 0.29512119531250003 0.7582480390625 0.3189096703125 0.75003573125 0.26598463125
1 0.6800408078125 0.29526236093749997 0.6868623171875 0.35458465625 0.7731987984375001 0.3749582921875 0.7654497499999999 0.3242127265625 0.6800408078125 0.29526236093749997
1 0.7211227828125 0.46575537968749997 0.7980044421875 0.463081334375 0.7916451796875 0.4188741859375 0.7014762125 0.39475928437499996 0.7211227828125 0.46575537968749997
1 0.7394234046875 0.5167571484375 0.7477182734375 0.569443575 0.8159452359375001 0.5617753109375 0.8086594515625001 0.5132092187499999 0.7394234046875 0.5167571484375