1 0.5 0.5 1 1
1 1 0.13982693906250002 0.832132778125 0.095234025 0.8134500234375001 0.16038853125000002 1 0.21388087812499998 1 0.13982693906250002
1 1 0.20128949999999998 0.8132958109375 0.1477529359375 0.8013373796875 0.222390440625 1 0.273431078125 1 0.20128949999999998
1 1 0.30614894375 0.7987203296875001 0.26445069062500004 0.7841952375 0.3282791140625 1 0.37956197812500003 1 0.30614894375
1 1 0.3663028765625 0.7853755046875001 0.3109896234375 0.7661797234375001 0.39110667656250003 1 0.4470486109375 1 0.3663028765625
1 1 0.43548908593749996 0.7739301046875 0.3706645859375 0.75381056875 0.4605898546875 1 0.5192555750000001 1 0.43548908593749996
1 1 0.5013687890625 0.7371280078125 0.43314173125 0.7344086562500001 0.49531884687499994 0.9990133437500001 0.5737112953125 1 0.5699389546875 1 0.5013687890625
1 0.7330665328125 0.07186378593750001 0.7290630859375 0.0858254671875 0.46579288124999996 0.0027791234375000003 0.4476750671875 0.0857235515625 0.7157701734375 0.1651168625 0.7330665328125 0.07186378593750001
1 0.710586459375 0.19636803281249998 0.7092519765625 0.201021925 0.44788119687499994 0.131111609375 0.416879671875 0.21287996874999998 0.6891324390625 0.29094719375 0.710586459375 0.19636803281249998
1 0.6903127078125 0.27365770624999997 0.6885674984375 0.27315727500000003 0.43053292499999996 0.191612225 0.409026990625 0.2534389265625 0.6744531312500001 0.3421400234375 0.6903127078125 0.27365770624999997
1 0.53046875 0.32265625 0.290625 0.153125
1 0.51171875 0.38203125 0.3 0.1734375
1 0.5 0.45 0.303125 0.1640625
1 0.48828125 0.5171875 0.3 0.165625
1 0.4640625 0.58125 0.3125 0.1625
1 0.44296875 0.6484375 0.3046875 0.16875
1 0.4265625 0.7171875 0.31875 0.16875
1 0.415625 0.7828125 0.321875 0.184375
1 0.39609375 0.8515625 0.3203125 0.1765625
1 0.365625 0.91796875 0.340625 0.1640625
1 0.31875 0.04140625 0.3125 0.0828125
1 0.30859375 0.06484375 0.3109375 0.1296875
1 0.28671875 0.115625 0.3171875 0.1640625
1 0.26640625 0.18359375 0.3265625 0.16875
1 0.2484375 0.24453125 0.3296875 0.171875
1 0.22421875 0.30234375 0.3203125 0.15
1 0.2109375 0.36484375 0.3390625 0.178125
1 0.19296875 0.4328125 0.3328125 0.1765625
1 0.16640625 0.50859375 0.3265625 0.1625
1 0.15625 0.57890625 0.3125 0.1671875
1 0.14609375 0.65 0.2921875 0.2
1 0.134375 0.71484375 0.26875 0.1703125
1 0.12421875 0.79375 0.2484375 0.18125
1 0.1171875 0.84296875 0.234375 0.1859375