1 0.669400878125 0.0453005765625 0.599537603125 0.09218024062499999 0.3368543671875 0.0220932015625 0.1632117546875 0.890460578125 0.4166964109375 0.9421795203125001 0.738802075 0.9765619593749999 0.92051098125 0.094289134375 0.669400878125 0.0453005765625
1 0 0.8906428125 0.0166915390625 0.8948044812499999 0.0663034125 0.8984478828125001 0.142965021875 0.4927321734375 0.141523703125 0.49237281250000003 0.0673132265625 0.501426575 0 0.4929739875 0 0.8906428125
1 0.45078125 0.06953125 0.2765625 0.1390625
1 0.44609375 0.1125 0.2765625 0.14375
1 0.43125 0.1546875 0.2859375 0.1546875
1 0.41796875 0.2078125 0.2890625 0.165625
1 0.403125 0.25234375 0.275 0.1578125
1 0.39765625 0.30234375 0.2875 0.1625
1 0.38671875 0.38515625 0.2859375 0.146875
1 0.375 0.42421875 0.3 0.15625
1 0.36640625 0.4828125 0.3 0.1859375
1 0.35 0.578125 0.2890625 0.1625
1 0.3421875 0.63203125 0.2734375 0.153125
1 0.2183814328125 0.6814674359375 0.20562023906250002 0.7265096125 0.468467653125 0.771377446875 0.48029645624999995 0.7239347125 0.2183814328125 0.6814674359375
1 0.465948253125 0.775342040625 0.468467653125 0.771377446875 0.20526862812500002 0.7402002015625 0.19610491875 0.776953828125 0.45570646249999996 0.816419625 0.465948253125 0.775342040625
1 0.4672253890625 0.800920603125 0.47172515 0.7951533953125 0.194476171875 0.7650658531250001 0.181539171875 0.8169533265625001 0.44294526875000007 0.8614618015625 0.4672253890625 0.800920603125
1 0.18063689375 0.8144319859375001 0.1691412125 0.866678821875 0.44603858125 0.91045695 0.446782728125 0.8487412515624999 0.18063689375 0.8144319859375001
1 0.9176593015625001 0.093420096875 0.9156789406250001 0.0952227140625 0.6546244546875 0.0370236484375 0.635933803125 0.105847584375 0.9185964468750001 0.15106315937499998 0.9176593015625001 0.093420096875
1 0.620981575 0.10441595 0.6210164421875 0.159537671875 0.8993551296875 0.2036751625 0.9051026546875001 0.1524780375 0.620981575 0.10441595
1 0.6341989859375 0.21104835 0.8925466406250001 0.2616833984375 0.9024135718749999 0.1975485921875 0.9029526140625 0.1953866125 0.6183096124999999 0.15197365625 0.5781517421875 0.1718140625 0.5652147421875 0.223701534375 0.6341989859375 0.21104835
1 0.8779692703125 0.2833089890625 0.6183677249999999 0.2438431921875 0.60470425625 0.28636403125 0.8671884375 0.32654854843750003 0.8779692703125 0.2833089890625
1 0.8742076015625001 0.3168167421875 0.8702468796874999 0.320421975 0.5919198171875 0.29465839374999997 0.5775414984375 0.34618650156249997 0.86145803125 0.3802328265625 0.8742076015625001 0.3168167421875
1 0.8499274828125 0.3773579375 0.8547904781250001 0.3762740421875 0.5705107125 0.337544403125 0.5591908375 0.382945940625 0.8667075093750001 0.4205800625 0.8499274828125 0.3773579375
1 0.8198820874999999 0.43646168750000003 0.8146674765625 0.4512361734375 0.5485858109375 0.4193402046875 0.536914321875 0.478432334375 0.809839346875 0.5074417890625 0.8198820874999999 0.43646168750000003
1 0.7875279640625 0.5478064609375 0.7877037703124999 0.5409611671875 0.530809059375 0.5090593890624999 0.514989421875 0.5602281359375 0.7958358875 0.5820271234375001 0.7875279640625 0.5478064609375
1 0.779266534375 0.5870814265625001 0.778903296875 0.5823981093749999 0.5088609109375 0.5541073765625 0.500786909375 0.6049109500000001 0.7684857015625 0.6303209859375001 0.779266534375 0.5870814265625001
1 0.7789497890625 0.6558937375 0.7769694296874999 0.6576963546875 0.5029663203125 0.6330108531249999 0.4925487234375 0.68093373125 0.76620021875 0.7193098234375 0.7789497890625 0.6558937375
1 0.77054741875 0.7571357203125 0.77414490625 0.74884716875 0.506258684375 0.7119085218750001 0.4926068375 0.7728032687499999 0.7682386921875 0.8093767406250001 0.77054741875 0.7571357203125
1 0.7594265953125 0.8324397781249999 0.49136457031249997 0.802346428125 0.47645883125 0.8744104234375 0.7486573875 0.89405324375 0.7594265953125 0.8324397781249999
1 0.7380291156250001 0.8936996953125 0.739283003125 0.8825304453125 0.4915752453125 0.8506228546875001 0.473423634375 0.9172848109375 0.732287084375 0.9290100656250001 0.7380291156250001 0.8936996953125