1 0.810221428125 0.1783141234375 0.5047256531250001 0.0039121828125 0.49945069062499997 0.0149561078125 0.473009546875 0.082812090625 0.78551649375 0.24670091875 0.810221428125 0.1783141234375
1 1 0.2306568046875 0.8673946593749999 0.1527611515625 0.8569110640625001 0.1622126359375 0.818382778125 0.21371656562500002 1 0.32181375156250003 1 0.2306568046875
1 0.7518097984375001 0.3072729421875 0.4472098203125 0.1609894875 0.44823828125 0.1638352484375 0.42353334687500005 0.23222204062500001 0.7270385328125 0.3882961 0.7518097984375001 0.3072729421875
1 0.40034814531249996 0.319276325 0.3729623546875 0.3914225984375 0.7055406953125 0.5082899703125 0.7180258234375 0.44882384843749995 0.40034814531249996 0.319276325
1 0.677363340625 0.5756151390625 0.3526919734375 0.476353140625 0.32625082656250004 0.544209121875 0.6599902875 0.63864953125 0.677363340625 0.5756151390625
1 0.633936184375 0.6990298593750001 0.2879105875 0.626146484375 0.290675259375 0.6295230593750001 0.27716166875 0.686143421875 0.6175915937500001 0.7649100109375 0.633936184375 0.6990298593750001
1 0.22375967812500003 0.8546037656250001 0.5659921421874999 0.92126480625 0.588319446875 0.8420257828125 0.2491060296875 0.796538384375 0.22375967812500003 0.8546037656250001
1 1 0.394117246875 0.7970839328125 0.29580134999999996 0.7950270125000001 0.2901098296875 0.7693599515625 0.3430145015625 1 0.4455064078125 1 0.394117246875
1 0.9757590640625 0.5124328359375 0.7525619875 0.42900667031250006 0.7518542359375 0.4313216203125 0.726187175 0.484226290625 0.9527903406249999 0.5813504421875 0.9757590640625 0.5124328359375
1 0.9044089312500001 0.7209697937499999 0.6755498546875 0.6560632078124999 0.6772860640625 0.6565940203125 0.6581768015625 0.7190976 0.8867151703125 0.7788434796875 0.9044089312500001 0.7209697937499999
1 0.8879980109375 0.799486309375 0.6485890046875 0.756667571875 0.6492967562499999 0.7543526234375 0.6236296921875 0.807257296875 0.8699835390624999 0.852199284375 0.8879980109375 0.799486309375
1 0.8411647656250001 0.9092030390625 0.6030385984375 0.887027134375 0.60516185 0.880082290625 0.5829008765625 0.9466849500000001 0.8210270421875 0.9688608593750001 0.8411647656250001 0.9092030390625
1 0.8166032421875 1 0.8234046718749999 0.9797130875000001 0.57929579375 0.9708960515625 0.5762104124999999 0.96235876875 0.5635044734375 1 0.8166032421875 1
1 0.15703125 0.2 0.1671875 0.0875
1 0.13515625 0.2578125 0.1625 0.0828125
1 0.1125 0.321875 0.1609375 0.0875
1 0.09296875 0.38671875 0.153125 0.0640625
1 0.084375 0.42109375 0.15 0.06875