1 0.5372132265625 0.802705865625 0.523444009375 0.8694622671875001 0.7753413328125001 0.8961867937499999 0.8410624312499999 0.8949070953125 0.8417012250000001 0.8340402109375 0.776038103125 0.8212658828125001 0.5372132265625 0.802705865625
1 0.434375 0.81328125 0.103125 0.0390625
1 0.46171875 0.528125 0.0984375 0.034375
1 0.35546875 0.51875 0.1046875 0.04375
1 0.390625 0.2359375 0.1 0.0484375
1 0.48828125 0.2484375 0.1015625 0.0484375
1 0.26171875 0.23046875 0.1 0.0453125
1 0.1609375 0.215625 0.1046875 0.0390625
1 0.109375 0.78671875 0.0953125 0.040625
1 0.2046875 0.7953125 0.103125 0.04375
1 0.92109375 0.28359375 0.1 0.040625
1 0.8984375 0.57109375 0.1 0.04375