1 0.457622321875 0.25100025625 0.457970884375 0.248799525 0.34813704843750004 0.2111001109375 0.33691016875 0.2724882203125 0.44848681093750004 0.2991839765625 0.457622321875 0.25100025625
1 0.26796875 0.2265625 0.121875 0.0546875
1 0.24609375 0.353125 0.128125 0.059375
1 0.47890625 0.4078125 0.096875 0.0578125
1 0.4671875 0.48359375 0.0953125 0.0515625
1 0.44296875 0.64921875 0.096875 0.04375
1 0.41953125 0.8125 0.096875 0.0515625
1 0.403125 0.8765625 0.0921875 0.053125
1 0.35546875 0.52421875 0.1078125 0.0453125
1 0.33984375 0.5984375 0.1140625 0.05
1 0.3203125 0.67578125 0.1265625 0.0625
1 0.3109375 0.75078125 0.1265625 0.0625
1 0.284375 0.86328125 0.13125 0.053125
1 0.27578125 0.93203125 0.1375 0.071875
1 0.2109375 0.5390625 0.134375 0.071875
1 0.18515625 0.653125 0.121875 0.059375
1 0.16328125 0.7671875 0.1375 0.071875
1 0.15234375 0.84375 0.140625 0.065625
1 0.5203125 0.746875 0.1015625 0.0609375
1 0.665625 0.38046875 0.09375 0.0453125
1 0.65625 0.47890625 0.0953125 0.0453125
1 0.640625 0.57421875 0.09375 0.046875
1 0.5515625 0.52890625 0.0859375 0.0421875
1 0.4515625 0.6109375 0.0875 0.0515625
1 0.4921875 0.9140625 0.090625 0.05
1 0.584375 0.92265625 0.0875 0.05
1 0.7125 0.86171875 0.0765625 0.046875
1 0.7390625 0.70859375 0.078125 0.05
1 0.77265625 0.403125 0.090625 0.0421875
1 0.865625 0.38828125 0.0796875 0.0359375