1 0.7687054390625 0.1429054390625 0.44423253125000006 0.0070340343750000004 0.4403428046875 0.0186384953125 0.4223683125 0.0892110546875 0.7525189046875 0.2137932625 0.7687054390625 0.1429054390625
1 1 0.18757057500000002 0.822338384375 0.1105752703125 0.8130847796875 0.121233934375 0.7811204265625 0.1770493796875 1 0.2734078796875 1 0.18757057500000002
1 0.7264453265624999 0.27802160468750003 0.40628832187499997 0.169949925 0.40765592812499996 0.1726491359375 0.39146939375 0.2435369578125 0.7117329406249999 0.3614596859375 0.7264453265624999 0.27802160468750003
1 0.379066259375 0.33276791875 0.3606770171875 0.4077139109375 0.70501891875 0.48317906875 0.7101638890624999 0.4226346421875 0.379066259375 0.33276791875
1 0.68525646875 0.5534363625000001 0.3509081578125 0.494481734375 0.33293366406249997 0.5650542921875 0.675694871875 0.6181181484375 0.68525646875 0.5534363625000001
1 0.6571934828125 0.68122360625 0.3048648578125 0.65105340625 0.308020425 0.6540678828125001 0.3015078484375 0.7119130984375001 0.64899949375 0.7486046015625 0.6571934828125 0.68122360625
1 0.26903405937499997 0.8856258296874999 0.6168395125 0.9100823437500001 0.6293435859375001 0.8287129406249999 0.28711509375 0.824904315625 0.26903405937499997 0.8856258296874999
1 1 0.339649878125 0.769983959375 0.26111799062499996 0.76724875 0.25571957031250003 0.7482204625 0.31135792812499996 0.9966460234375001 0.3871169 1 0.3741610859375 1 0.339649878125
1 0.973728009375 0.45435971875 0.74202751875 0.3987562796875 0.7416071640624999 0.40114022812499994 0.722578878125 0.45677858281250006 0.959329434375 0.52556280625 0.973728009375 0.45435971875
1 0.928323971875 0.6700376671875 0.6932606531250001 0.633505790625 0.6950486109375 0.63382105625 0.6836990562499999 0.698187578125 0.9178151265625001 0.7296362984375 0.928323971875 0.6700376671875
1 0.9216041328125 0.7499689203125001 0.678761353125 0.736645965625 0.6791817078125 0.7342620203125 0.66015341875 0.789900378125 0.9101480343749999 0.8044843937499999 0.9216041328125 0.7499689203125001
1 0.88849108125 0.8645753765625 0.6494373062500001 0.871585046875 0.65069836875 0.864433209375 0.636720146875 0.9332523531250001 0.8757739203125 0.9262426859374999 0.88849108125 0.8645753765625
1 0.8665432875000001 1 0.87945638125 0.9367242640625 0.6360925281250001 0.9577223375000001 0.6319897109375 0.9496247046875 0.6216012156249999 1 0.8665432875000001 1
1 0.1234375 0.24375 0.1671875 0.06875
1 0.10859375 0.30390625 0.1625 0.065625
1 0.09375 0.3703125 0.159375 0.0703125
1 0.08203125 0.4375 0.15625 0.046875
1 0.078125 0.47265625 0.1515625 0.0515625