1 0 0.146003825 0.091270428125 0.1504421625 0.0855854078125 0.1195491484375 0 0.12059534375 0 0.146003825
1 0.5171875 0.1546875 0.0765625 0.03125
1 0.5203125 0.18203125 0.0859375 0.0296875
1 0.5203125 0.2125 0.0828125 0.03125
1 0.6421875 0.371875 0.1046875 0.0421875
1 0.61484375 0.04609375 0.0796875 0.0328125
1 0.61875 0.10546875 0.084375 0.028125
1 0.628125 0.2328125 0.0890625 0.0390625
1 0.16875 0.40546875 0.0953125 0.0421875
1 0.1609375 0.3046875 0.0859375 0.0359375
1 0.17578125 0.128125 0.084375 0.028125
1 0.17890625 0.18203125 0.0796875 0.03125
1 0.18515625 0.234375 0.0890625 0.0390625
1 0.27734375 0.30234375 0.0859375 0.04375
1 0.71015625 0.0140625 0.1015625 0.028125
1 0.725 0.071875 0.103125 0.0421875
1 0.734375 0.15703125 0.1 0.034375
1 0.74921875 0.2765625 0.1109375 0.0328125
1 0.40390625 0.41640625 0.10625 0.0453125
1 0.0515625 0.38359375 0.09375 0.040625
1 0.04765625 0.27265625 0.0953125 0.0421875
1 0.50390625 0.346875 0.090625 0.0359375
1 0.51796875 0.44375 0.096875 0.0375