1 0.74375 0.05703125 0.234375 0.1140625
1 0.75625 0.10703125 0.2390625 0.1203125
1 0.771875 0.16640625 0.234375 0.125
1 0.78515625 0.2265625 0.2359375 0.1078125
1 0.825 0.40546875 0.240625 0.1125
1 0.8640625 0.575 0.2359375 0.115625
1 0.8921875 0.74921875 0.215625 0.1109375
1 0.0703125 0.19453125 0.140625 0.1078125
1 0.0796875 0.27265625 0.159375 0.0953125
1 0.0828125 0.32734375 0.165625 0.0921875
1 0.096875 0.37734375 0.171875 0.1171875
1 0.12734375 0.50234375 0.1703125 0.1078125
1 0.15390625 0.61875 0.165625 0.115625
1 0.17890625 0.7359375 0.1703125 0.1
1 0.21171875 0.85859375 0.1671875 0.0890625
1 0.2296875 0.9578125 0.178125 0.084375
1 0.8140625 0.3390625 0.240625 0.1140625
1 0.8859375 0.6890625 0.228125 0.1125
1 0.5468695765625 0.130216325 0.6310531609375001 0.24062444218749998 0.624832403125 0.18254904375 0.6225093578124999 0.1776752203125 0.531852340625 0.04441596875 0.4020051953125 0.11496961718750001 0.425575884375 0.2015003234375 0.5468695765625 0.130216325
1 0.3166068375 0.1860817375 0.40663198749999996 0.24915501093749998 0.392897784375 0.17928887031250001 0.3945793140625 0.1761955890625 0.302775425 0.10541775625000001 0.165648215625 0.25339413906249997 0.1891216921875 0.32912700156249997 0.3166068375 0.1860817375
1 0.702650134375 0.85167155625 0.5802288718749999 0.8609992312499999 0.5927286406250001 0.9203300734375001 0.7255307015625 0.9248362296874999 0.7713304296875 0.8222901015625 0.7553137484375 0.767045759375 0.702650134375 0.85167155625
1 0.49472365468749996 0.9835323812500001 0.5617320703125 0.895025340625 0.5468606484375 0.8254217468749999 0.5456748234375 0.8202853749999999 0.475896265625 0.917547165625 0.3125447328125 0.8741076968750001 0.3323052703125 0.980453546875 0.49472365468749996 0.9835323812500001