1 1 0.8673683875 0.998663209375 0.867508890625 0.8301797421874999 0.8276938609375 0.8359204359374999 0.8823129109375 1 0.930947115625 1 0.8673683875
1 0.9433596984375001 0.3256991640625 0.9424522515625 0.3326973453125 0.78764479375 0.36047293593749996 0.7936246828125 0.41736778125 0.95306805 0.386804003125 0.9433596984375001 0.3256991640625
1 0.6723165859375 0.38870095937500004 0.6794431203125 0.44087341718750006 0.7862170890625 0.42504915312499997 0.7774554203124999 0.35724971875 0.6723165859375 0.38870095937500004
1 0.8265006125 0.8395852234375001 0.8274080609375 0.8325870421875001 0.7112142671874999 0.8056836203125 0.71064468125 0.847160303125 0.83152371875 0.88737689375 0.8265006125 0.8395852234375001
1 0.6632839578125 0.3965531296875 0.6658164421875 0.3893841515625 0.566450065625 0.39752704375 0.572190759375 0.45214609531249994 0.6606109453125 0.4336490234375 0.6632839578125 0.3965531296875
1 0.6180101703124999 0.7786648171875 0.611658028125 0.8276520749999999 0.7025195015625 0.84801429375 0.697534665625 0.8005867500000001 0.6180101703124999 0.7786648171875
1 0.5534991125000001 0.414994784375 0.5532599171875 0.4127189890625 0.47874746718749994 0.4228514984375 0.4832921828125 0.46609158125 0.5633973265625001 0.462274059375 0.5534991125000001 0.414994784375
1 0.514816665625 0.750395009375 0.5158721125 0.7917008953125 0.5988476031250001 0.8151928984374999 0.5896541171874999 0.7712797859375 0.514816665625 0.750395009375
1 0.514510234375 0.044040393750000004 0.5133635890625 0.0487627796875 0.45472177187499996 0.084838428125 0.4602232703125 0.1371816859375 0.527897715625 0.093253865625 0.514510234375 0.044040393750000004
1 0.44688512343750003 0.1040695671875 0.446645928125 0.10179377187500001 0.3902974 0.12842465 0.3997172234375 0.1711523375 0.45510896718750005 0.1354182859375 0.44688512343750003 0.1040695671875
1 0.5154849171875 0.7411210359375 0.5129524328125 0.7482900140625001 0.45903772343749993 0.7355492046875 0.4624357953125 0.783511671875 0.5165896984375 0.798528275 0.5154849171875 0.7411210359375
1 0.472008128125 0.42125889687500007 0.41307778281249996 0.4389573984375 0.422975996875 0.4862366734375 0.47913466250000003 0.47343135781249995 0.472008128125 0.42125889687500007
1 0.3305089375 0.1692226859375 0.3390213109375 0.21894855156249998 0.39211976875 0.192659271875 0.3837046171875 0.1435013390625 0.3305089375 0.1692226859375
1 0.5883541671875 0 0.528178775 0.033400034375 0.53783779375 0.078403515625 0.640974496875 0.0123409890625 0.6316274296875 0 0.5883541671875 0