1 0.0708926140625 0.32418223125 0.088961509375 0.7891551671875 0.51742919375 0.8980876296875 0.653594771875 0.723795690625 0.6517792296875 0.3001694515625 0.61365286875 0.268700071875 0.0708926140625 0.32418223125
1 0.5392156859375 0.6027596234375 0.6082062453125 0.55434519375 0.6082062453125 0.510772209375 0.39578794375 0.47930283281249997 0.288671025 0.5252965374999999 0.286855484375 0.5252965374999999 0.28322440000000004 0.5761316859375001 0.5392156859375 0.6027596234375
1 0.5410312265624999 0.653594771875 0.61365286875 0.6100217859375 0.6100217859375 0.5567659171875 0.54284676875 0.5930767359375 0.28322440000000004 0.5664488015625 0.28322440000000004 0.5616073593750001 0.27596223750000004 0.6293875578125 0.5410312265624999 0.653594771875
1 0.2820629890625 0.6173462484375001 0.2723311546875 0.6584362140625 0.5355846046875 0.7020091984375 0.602759621875 0.6511740500000001 0.602759621875 0.6027596234375 0.5355846046875 0.6414911640625001 0.2820629890625 0.6173462484375001
1 0.54284676875 0.7552650703125 0.6082062453125 0.694747034375 0.6082062453125 0.6293875578125 0.5301379796875 0.694747034375 0.28503994062500004 0.6463326078125 0.286855484375 0.6487533296875 0.27959331875000004 0.7092713640625 0.54284676875 0.7552650703125
1 0.5265068984375 0.8085209390625 0.602759621875 0.7334785765625 0.602759621875 0.687484871875 0.5265068984375 0.7334785765625 0.286855484375 0.69716775625 0.286855484375 0.6995884765625 0.27777777812500004 0.7552650703125 0.5265068984375 0.8085209390625
1 0.28191001875 0.7440864406250001 0.26325345 0.7915758890625 0.5228758171875 0.8593560874999999 0.6063907046875 0.767368675 0.6063907046875 0.7431614625 0.5265068984375 0.7988380546875 0.28191001875 0.7440864406250001
1 0.6082062453125 0.4091019125 0.66448801875 0.4042604703125 0.6626724765625001 0.3582667625 0.6063907046875 0.34616315625 0.38852578125 0.355846040625 0.38852578125 0.36310820625 0.37581699375 0.4091019125 0.6082062453125 0.4091019125
1 0.3824488921875 0.3923575453125 0.37581699375 0.44541273124999997 0.61365286875 0.45509561875 0.6499636890625 0.46477850312499996 0.65904139375 0.39699830468749997 0.6100217859375 0.401839746875 0.3824488921875 0.3923575453125
1 0.17421875 0.35078125 0.203125 0.0484375
1 0.1734375 0.37734375 0.19453125 0.0484375
1 0.175 0.42265625 0.21640625 0.04609375
1 0.18125 0.465625 0.203125 0.04609375
1 0.18359375 0.5046875 0.20703125 0.05546875
1 0.17578125 0.55078125 0.203125 0.04609375
1 0.17734375 0.58828125 0.190625 0.06796875
1 0.18046875 0.62734375 0.19453125 0.0875
1 0.18125 0.6671875 0.203125 0.0796875
1 0.18125 0.7046875 0.1890625 0.0875
1 0.17890625 0.74296875 0.18671875 0.0875