1 0.7808123250000001 0.9150326796874999 0.8333333328125001 0.8870214734375 0.827497665625 0.8356676015625 0.773809525 0.859010271875 0.5497198875 0.847338934375 0.5485527546875 0.8496732031249999 0.541549953125 0.901027078125 0.7808123250000001 0.9150326796874999
1 0.34140625 0.2390625 0.1015625 0.04453125
1 0.44375 0.24765625 0.09453125 0.0375
1 0.44140625 0.53125 0.09765625 0.04453125
1 0.33359375 0.525 0.09921875 0.046875
1 0.21484375 0.24296875 0.10234375 0.0375
1 0.11015625 0.24140625 0.10390625 0.03046875
1 0.20546875 0.81484375 0.09765625 0.046875
1 0.1109375 0.815625 0.09140625 0.03046875
1 0.43671875 0.80859375 0.10625 0.05859375
1 0.87734375 0.23828125 0.09453125 0.0375
1 0.88046875 0.52421875 0.09921875 0.04453125