1 0.5634541734375 0.79831063125 0.5555555562500001 0.8660130718750001 0.8088235296875 0.8706816046875 0.87418300625 0.8636788046874999 0.8695144718750001 0.8029878625 0.8029878609375001 0.7959850625 0.5634541734375 0.79831063125
1 0.46171875 0.81796875 0.1015625 0.03046875
1 0.4640625 0.53125 0.096875 0.02578125
1 0.3578125 0.53125 0.1015625 0.03515625
1 0.36796875 0.24609375 0.096875 0.03984375
1 0.46640625 0.25078125 0.09921875 0.03984375
1 0.2390625 0.25234375 0.09765625 0.0375
1 0.1375 0.24609375 0.10234375 0.03046875
1 0.1359375 0.81953125 0.0921875 0.0328125
1 0.23125 0.8203125 0.1 0.03515625
1 0.90078125 0.24765625 0.096875 0.0328125
1 0.903125 0.5359375 0.09765625 0.03515625