1 0.51743923125 0.9300583078125 0.6428399359375 0.9664633765625 0.6500858453125 0.9132536468750001 0.5285085953124999 0.8750907890624999 0.4403615046875 0.8422227484375 0.4331155921875 0.89543248125 0.51743923125 0.9300583078125
1 0.2421875 0.3375 0.11875 0.0609375
1 0.2734375 0.159375 0.125 0.0625
1 0.415625 0.18359375 0.121875 0.05625
1 0.36015625 0.51015625 0.1234375 0.0640625
1 0.534375 0.19765625 0.1203125 0.0546875
1 0.65078125 0.21953125 0.128125 0.059375
1 0.79609375 0.2390625 0.1140625 0.059375
1 0.91171875 0.2625 0.1265625 0.0703125
1 0.165625 0.8140625 0.11875 0.075
1 0.05546875 0.7984375 0.1109375 0.075
1 0.09609375 0.47734375 0.1203125 0.0671875
1 0.221875 0.4921875 0.13125 0.06875