1 0.6492348140625 0.8773451281250001 0.6456525984375 0.872965403125 0.5304624390625 0.8185123593749999 0.47253069375 0.9035921328125 0.5837974390625 0.9722101796875 0.6492348140625 0.8773451281250001
1 0.286539759375 0.7267590046875 0.39798660625000004 0.77452848125 0.4814961515625 0.7038658921875001 0.47986614687499995 0.7039798734375 0.38343056249999996 0.636639840625 0.286539759375 0.7267590046875
1 0.3966597984375 0.8024025609375001 0.484073759375 0.7407273812499999 0.47660613281249997 0.7042078359375 0.475620528125 0.7135371890625 0.403359928125 0.781098065625 0.2894775734375 0.72192335625 0.2897807703125 0.7496834546875 0.3966597984375 0.8024025609375001
1 0.878971578125 0.5788371531250001 0.8786493765625 0.5742294671875 0.7577446906249999 0.5317515640625 0.7080009859375 0.5699566078125 0.8303555734374999 0.6331690984375 0.878971578125 0.5788371531250001
1 0.7020683515624999 0.6490851390625 0.8193908249999999 0.6871833203125 0.8264321562499999 0.6473340999999999 0.8261099546875 0.6427264140625 0.7025896578124999 0.6096918453125 0.7020683515624999 0.6490851390625
1 0.8214851296875001 0.7171332796875001 0.8172585124999999 0.7035381843749999 0.702551653125 0.6559966687500001 0.6981259328125 0.6864025546875 0.8199972203125 0.7427035156249999 0.8214851296875001 0.7171332796875001
1 0.8154294 0.7476531453125 0.8152683 0.7453493015625 0.6933970140625 0.6890483406250001 0.6940224125000001 0.721416125 0.809051471875 0.7735653250000001 0.8154294 0.7476531453125
1 0.4049329265625 0.8504413218750001 0.49397689375000003 0.7886521609375 0.4850403609375 0.7545504390625 0.48341035468750004 0.7546644203125 0.410505353125 0.8130099265625 0.2907473734375 0.7635065125 0.2845115421875 0.814874946875 0.4049329265625 0.8504413218750001
1 0.4075105328125 0.8873028109375 0.497198903125 0.8347290234375 0.4913612828125 0.7980954953125 0.4928301890625 0.7956776718749999 0.41324405937500003 0.8521752593749999 0.29690719374999996 0.804747725 0.29491698125 0.8465588453124999 0.4075105328125 0.8873028109375
1 0.6572906765625001 0.5943385921875 0.65207845625 0.59007285 0.58569348125 0.6479624312500001 0.5876266859375 0.6756085484375001 0.6636306000000001 0.6147312375 0.6572906765625001 0.5943385921875
1 0.6566082703125 0.63142804375 0.6535093578125 0.63395985 0.5858355796875 0.6734186859375 0.5933032046875 0.70993823125 0.6591858765625 0.668289534375 0.6566082703125 0.63142804375