1 0.85703125 0.80546875 0.2859375 0.1296875
1 0.840625 0.6734375 0.303125 0.1359375
1 0.80078125 0.55625 0.309375 0.1640625
1 0.53828125 0.7625 0.2875 0.1359375
1 0.5546875 0.88515625 0.284375 0.1359375
1 0.55 0.821875 0.2890625 0.1328125
1 0.24453125 0.88984375 0.2875 0.1265625
1 0.25859375 0.94140625 0.2921875 0.1171875
1 0.14296875 0.4 0.2859375 0.14375
1 0.14609375 0.46875 0.2921875 0.1359375
1 0.440625 0.325 0.275 0.1390625
1 0.68671875 0.35625 0.20625 0.1078125
1 0.7859375 0.490625 0.275 0.13125