1 0.271875 0.2046875 0.16328125 0.05546875
1 0.2703125 0.2703125 0.16328125 0.03984375
1 0.2484375 0.3671875 0.121875 0.03359375
1 0.24375 0.4984375 0.125 0.03984375
1 0.24921875 0.5984375 0.125 0.03984375
1 0.24765625 0.821875 0.1203125 0.03984375
1 0.38515625 0.32578125 0.16484375 0.0359375
1 0.384375 0.4203125 0.16484375 0.05390625
1 0.36875 0.52578125 0.1140625 0.03828125
1 0.36875 0.65546875 0.11875 0.03359375
1 0.36640625 0.7515625 0.1140625 0.0421875
1 0.36875 0.9125 0.121875 0.03828125
1 0.4828125 0.5921875 0.125 0.05390625
1 0.60859375 0.8453125 0.1203125 0.03828125
1 0.740625 0.69765625 0.15859375 0.0421875
1 0.728125 0.878125 0.11328125 0.03984375
1 0.72265625 0.97265625 0.1203125 0.03828125
1 0.86484375 0.8390625 0.1453125 0.0421875
1 0.8609375 0.90703125 0.15 0.0359375
1 0.84296875 0.971875 0.1203125 0.03984375
1 0.1234375 0.6234375 0.121875 0.04453125
1 0.12265625 0.8265625 0.1140625 0.03984375
1 0.125 0.91875 0.121875 0.0421875
1 0.13046875 0.3671875 0.121875 0.05546875
1 0.12890625 0.2359375 0.11875 0.046875
1 0.15546875 0.06796875 0.15859375 0.0421875
1 0.1265625 0.49140625 0.11875 0.04921875
1 0.60390625 0.7125 0.1234375 0.0359375