1 1 0.2238894265625 0.7267263859375 0.05682029843750001 0.46344404375000003 0.18646803750000002 0.45595192031250004 0.2566447875 0.7055879421875 0.15626885625 1 0.3339140875 1 0.2238894265625
1 1 0.390257790625 0.6838888828125 0.22342582812499998 0.45168823125 0.285436134375 0.43658934374999997 0.35647081875 0.675418828125 0.315667928125 1 0.467080734375 1 0.390257790625
1 0.9969000578125 0.5671362015625 0.99790665 0.56240055625 0.655610275 0.45252118750000003 0.4151562609375 0.43110873125 0.4046157 0.4981627140625 0.6400367499999999 0.5432534015625 0.9853242421875 0.6215961265625001 0.9969000578125 0.5671362015625
1 0.61265009375 0.6982942999999999 0.9583835625000001 0.7396097921875 0.9704626734374999 0.682782046875 0.9732451328125 0.678423871875 0.6185750078125001 0.6005616078125 0.3856704390625 0.543631809375 0.3705715515625 0.6146664921875 0.61265009375 0.6982942999999999
1 0.5776280125000001 0.8368634265624999 0.9354979125 0.8560105828125 0.9458011562499999 0.7988053625 0.9495902078125 0.7897115453125 0.5937334921875 0.7610930984375 0.369090321875 0.639099665625 0.35070567812500003 0.716860346875 0.5776280125000001 0.8368634265624999
1 0.6572682234375 1 0.90855723125 0.97402425 0.924159415625 0.9006217453125 0.9251660078124999 0.8958861 0.5582367765625 0.919359753125 0.34442880468750003 0.755122984375 0.3290925984375 0.8360064312500001 0.5258852796875 1 0.6572682234375 1
1 0.2140625 0.159375 0.30625 0.1265625
1 0.20546875 0.20859375 0.3109375 0.1296875
1 0.1890625 0.29453125 0.3234375 0.178125
1 0.16640625 0.41484375 0.321875 0.1453125
1 0.15625 0.4640625 0.3125 0.165625
1 0.1390625 0.6203125 0.278125 0.153125