1 0.6164587046875 0.28966131875 0.6803327390625 0.33422459843749996 0.6788472953125 0.2874331546875 0.619429590625 0.21836007031250002 0.43969102812500005 0.2963458109375 0.43672014218750005 0.298573975 0.43969102812500005 0.3520499125 0.6164587046875 0.28966131875
1 0.622400475 0.47459893124999997 0.6833036234375001 0.48573975 0.6833036234375001 0.43894830625000003 0.6209150328125 0.4166666671875 0.44711824218749996 0.44563279843750003 0.44711824218749996 0.4523172921875 0.44117647031249996 0.4968805703125 0.622400475 0.47459893124999997
1 0.6268568046875 0.630570409375 0.69221628125 0.6350267374999999 0.6877599531249999 0.5592691624999999 0.617944146875 0.5704099828125 0.45306001093750004 0.557040996875 0.45306001093750004 0.5592691624999999 0.43969102812500005 0.6127450984375 0.6268568046875 0.630570409375
1 0.6268568046875 0.77540106875 0.6966726078125001 0.733065953125 0.6907308375000001 0.686274509375 0.62388591875 0.728609625 0.45603089687500004 0.6751336890624999 0.45454545468749996 0.6729055265625 0.44563279843750003 0.7308377890625 0.6268568046875 0.77540106875
1 0.44117647031249996 0.396613190625 0.43969102812500005 0.34759358281249997 0.3446226984375 0.38324420625 0.3431372546875 0.3921568625 0.3446226984375 0.423351159375 0.44117647031249996 0.396613190625
1 0.45306001093750004 0.5548128328125 0.45454545468749996 0.4835115859375 0.3431372546875 0.49910873593750005 0.3431372546875 0.4968805703125 0.337195484375 0.5459001796875 0.45306001093750004 0.5548128328125
1 0.45454545468749996 0.6840463453125001 0.45454545468749996 0.6350267374999999 0.3416518125 0.610516934375 0.3431372546875 0.6149732625000001 0.3342246 0.66176470625 0.45454545468749996 0.6840463453125001
1 0.45603089687500004 0.7776292328125 0.45603089687500004 0.724153296875 0.33868092656250004 0.692959003125 0.33868092656250004 0.69741533125 0.337195484375 0.7397504453125 0.45603089687500004 0.7776292328125
1 0.2510398109375 0.3743315515625 0.24955436718750001 0.41443850312499997 0.310457515625 0.3921568625 0.34759358281249997 0.4055258453125 0.34759358281249997 0.367647059375 0.3149138453125 0.3654188953125 0.2510398109375 0.3743315515625
1 0.310457515625 0.5971479515625 0.3446226984375 0.6149732625000001 0.346108140625 0.563725490625 0.310457515625 0.55258466875 0.2554961375 0.5503565078125 0.2569815796875 0.55258466875 0.252525253125 0.5904634578125 0.310457515625 0.5971479515625
1 0.3163992875 0.7976827078125 0.34016636875 0.7865418890625 0.34016636875 0.7531194296875 0.3163992875 0.7531194296875 0.2554961375 0.71746880625 0.25401069375 0.71746880625 0.2554961375 0.768716578125 0.3163992875 0.7976827078125
1 0.45008912656250005 0.454545453125 0.45008912656250005 0.42780748749999997 0.34759358281249997 0.43226381406250003 0.35056446874999997 0.43226381406250003 0.35204990937499997 0.46791443906249996 0.45008912656250005 0.454545453125