1 0.2828125 0.0609375 0.296875 0.075
1 0.30234375 0.121875 0.3109375 0.078125
1 0.303125 0.175 0.3125 0.0734375
1 0.3015625 0.221875 0.3 0.0828125
1 0.30625 0.27890625 0.290625 0.0703125
1 0.309375 0.31796875 0.284375 0.0796875
1 0.31484375 0.375 0.2765625 0.0640625
1 0 0.5130929546874999 0.0096177953125 0.6966114328125 0.0483681140625 0.754823603125 0.459659515625 0.57038954375 0.4561285609375 0.4746320546875 0.19550175625 0.3834235015625 0 0.41979684375000004 0 0.5130929546874999
1 0.012533123437499998 0.752239190625 0.0900337625 0.86866353125 0.455073759375 0.6531850765625 0.4447088328125 0.568941853125 0.0674191796875 0.749362734375 0.009935071875 0.6742825890625 0.0097018453125 0.6698323671875 0.012533123437499998 0.752239190625
1 0.47057494375 0.6367541421875 0.093667690625 0.852854534375 0.0907008765625 0.8530100171875 0.1191324734375 0.9697747375000001 0.48152293437499993 0.7321229203125 0.47057494375 0.6367541421875
1 0.5059974390625 0.0838169328125 0.4987566015625 0.12432741249999998 0.6381968515625001 0.117019659375 0.6321140468750001 0.0861013390625 0.5059974390625 0.0838169328125
1 0.6384300781250001 0.1214698796875 0.5018400265625 0.1263970390625 0.4989898265625 0.12877763281250001 0.504638740625 0.1797996875 0.6412287921875001 0.174872528125 0.6384300781250001 0.1214698796875
1 0.8340254859374999 0.0219702859375 0.7420868203125 0.055794468750000006 0.7406034140625 0.0558722109375 0.74406924375 0.093621346875 0.8385408328124999 0.0797454125 0.8340254859374999 0.0219702859375
1 0.8215562421874999 0.0962540890625 0.7404353140625 0.109430346875 0.742151946875 0.11380282500000001 0.7441343687499999 0.1516297 0.8201379640625 0.1543401875 0.8215562421874999 0.0962540890625
1 0.9306233921875 0.2757295328125 0.8330358109375 0.2585316640625 0.82881881875 0.2632151109375 0.814600378125 0.3041222609375 0.931239021875 0.3158592609375 0.9306233921875 0.2757295328125
1 0.931271584375 0.3448634390625 0.818733321875 0.3262178796875 0.8204499546875 0.3305903578125 0.81934895 0.3663476078125 0.9212701390625 0.3810871421875 0.931271584375 0.3448634390625
1 0.9464607765625 0.1521823328125 0.8252878609375 0.167457621875 0.8271211078125 0.1740552109375 0.83183711875 0.20727638437499998 0.9489096515625001 0.19890965 0.9464607765625 0.1521823328125
1 0.9453461328125 0.074147984375 0.8296403921875 0.080211865625 0.823939990625 0.08497305468750001 0.8179548765625 0.1410672671875 0.9466614390625001 0.127628375 0.9453461328125 0.074147984375