1 0.5945936109375001 0.5695445859375 0.595107196875 0.571769175 0.5107083593749999 0.5935973437500001 0.521493684375 0.6403137171875 0.6099583703125 0.605831075 0.5945936109375001 0.5695445859375
1 0.3050184640625 0.7558994390625 0.3055320515625 0.758124028125 0.152612725 0.8402914390625 0.165751978125 0.8911506843750001 0.3169165421875 0.7953294328125 0.3050184640625 0.7558994390625
1 0.68125 0.59296875 0.1171875 0.075
1 0.63125 0.43359375 0.09375 0.0578125
1 0.5265625 0.4515625 0.1015625 0.0703125
1 0.5921875 0.28203125 0.084375 0.053125
1 0.41015625 0.35078125 0.0828125 0.0546875
1 0.45859375 0.6265625 0.1 0.0609375
1 0.4359375 0.5078125 0.084375 0.0484375
1 0.8552366171875001 0.2094459171875 0.852155096875 0.1960983828125 0.7698106078125 0.22682490781250003 0.7857318015625 0.295787171875 0.8643956046874999 0.26122408125 0.8552366171875001 0.2094459171875
1 0.9166957734375 0.4272298015625 0.91750894375 0.42469890625 0.8204417062499999 0.4400791625 0.8267331734375001 0.48548986562499996 0.9318037984374999 0.4987229609375 0.9166957734375 0.4272298015625
1 0.958296425 0.6800594624999999 0.9599227656249999 0.674997671875 0.8663649421875 0.6450476765625 0.8713296546875 0.69076468125 0.967583834375 0.75055325625 0.958296425 0.6800594624999999
1 0.7357857890624999 0.2792001953125 0.7365989609375 0.2766693015625 0.6993641953124999 0.296981425 0.7069824203125 0.34208581875 0.747897871875 0.3256102625 0.7357857890624999 0.2792001953125
1 0.7386529656249999 0.06765385 0.7381393796875 0.0654292609375 0.67287156875 0.11564492343749999 0.6875515828125 0.1731779390625 0.754060571875 0.134391525 0.7386529656249999 0.06765385
1 0.28892554531250003 0.3472186109375 0.2849452765625 0.348137528125 0.20319995156249998 0.3693530859375 0.212358934375 0.42113124687500003 0.31216526718750004 0.393402821875 0.28892554531250003 0.3472186109375