1 0.871875 0.20390625 0.25625 0.0828125
1 0.88203125 0.38125 0.234375 0.065625
1 0.86484375 0.659375 0.221875 0.09375
1 0.85859375 0.8765625 0.2109375 0.0875
1 0.590625 0.4359375 0.275 0.0828125
1 0.57265625 0.20859375 0.28125 0.1
1 0.59453125 0.7375 0.29375 0.0671875
1 0.61015625 0.90390625 0.26875 0.0875
1 0.3234375 0.60625 0.2390625 0.084375
1 0.3171875 0.434375 0.253125 0.084375
1 0.31328125 0.19609375 0.2421875 0.08125
1 0.09921875 0.68046875 0.196875 0.0734375
1 0.10625 0.9484375 0.2125 0.078125
1 0.09765625 0.3171875 0.19375 0.06875
1 0.34296875 0.846875 0.2359375 0.075
1 0.090625 0.08046875 0.18125 0.071875