1 0 0.8784683093749999 0.132037078125 0.8515807000000001 0.142516290625 0.797669825 0 0.8184502515625001 0 0.8784683093749999
1 0.225610365625 0.3359339828125 0.0738128 0.2947717265625 0.0735187375 0.2877210875 0.058521690625 0.34774726562499997 0.2146945203125 0.39209114375 0.225610365625 0.3359339828125
1 0.2360418890625 0.3336110921875 0.22140445 0.4003889015625 0.3263929359375 0.42545891406249997 0.33803948125 0.3741061046875 0.2360418890625 0.3336110921875
1 0.2629473828125 0.786111865625 0.1448509546875 0.8027859562499999 0.14514501875000002 0.8098365953125001 0.13597570781249999 0.8570086109374999 0.25989987187499997 0.8274803593750001 0.2629473828125 0.786111865625
1 0.442733903125 0.3921254796875 0.3444553453125 0.3753532234375 0.34635337499999996 0.3827156421875 0.34578309687500003 0.4199033421875 0.43225469062500005 0.44603635468749997 0.442733903125 0.3921254796875
1 0.2770191515625 0.782226646875 0.2679197015625 0.82903925625 0.36021010468750003 0.8166736218749999 0.3581516546875 0.76731915 0.2770191515625 0.782226646875
1 0.5278955953125 0.4249973515625 0.45454979531250006 0.40840921249999995 0.45411316093750004 0.4106555 0.44013195156249996 0.45689217656250003 0.5195995531250001 0.4676767953125 0.5278955953125 0.4249973515625
1 0.387043453125 0.7624336125 0.3740576703125 0.8053783578125 0.45876487812500005 0.7892075390625 0.46341635312499996 0.7481508234375001 0.387043453125 0.7624336125
1 0.5812896453125 0.0903645 0.526015178125 0.049315159375 0.5252844796875 0.04451080625 0.5076587046875 0.0923702109375 0.5712470671875 0.1420290890625 0.5812896453125 0.0903645
1 0.6416700750000001 0.1393998171875 0.587857003125 0.10795918125 0.5874203687499999 0.11020546718749999 0.5764955984375 0.14071814062500002 0.6285621328125 0.181143921875 0.6416700750000001 0.1393998171875
1 0.5202769359375 0.738222965625 0.4654569546875 0.7462163171875 0.46355892499999996 0.7388538984374999 0.4574549765625 0.795946396875 0.5127115921875001 0.785706759375 0.5202769359375 0.738222965625
1 0.5231015484375 0.4753509921875 0.5779304562500001 0.49300213125000003 0.591911665625 0.4467654546875 0.53474809375 0.4239981828125 0.5231015484375 0.4753509921875
1 0.6469237484375 0.154993734375 0.634256225 0.20323117656249998 0.6848613640625001 0.2340482546875 0.697675240625 0.1852535125 0.6469237484375 0.154993734375
1 0.40379244375 0 0.40206423750000003 0.0019099421875 0.4990507453125 0.0767100375 0.5125953203125 0.032719645312500004 0.4641452703125 0 0.40379244375 0