1 0.600118834375 0.536987521875 0.6120023781249999 0.098039215625 0.3891859765625 0.0868983953125 0.369875221875 0.1559714796875 0.24361259687499998 0.135918003125 0.123291740625 0.1270053484375 0.12477718281250001 0.133689840625 0.115864528125 0.49910873593750005 0.600118834375 0.536987521875
1 0.369875221875 0.191622103125 0.3728461078125 0.1515151515625 0.2584670234375 0.1381461671875 0.2554961375 0.14037433125 0.2629233515625 0.180481284375 0.369875221875 0.191622103125
1 0.3669043375 0.211675578125 0.3654188953125 0.1737967921875 0.25401069375 0.1626559703125 0.25401069375 0.16042780625 0.252525253125 0.1983065953125 0.3669043375 0.211675578125
1 0.3669043375 0.227272728125 0.37136066562500003 0.2027629234375 0.2584560796875 0.1939651640625 0.2554961375 0.2250445640625 0.3669043375 0.227272728125
1 0.36838977968750003 0.26960784375 0.36838977968750003 0.2295008921875 0.25401069375 0.21613190625 0.252525253125 0.2228164 0.24361259687499998 0.25178253125 0.36838977968750003 0.26960784375
1 0.440625 0.19375 0.11171875 0.03125
1 0.559375 0.2296875 0.1234375 0.0359375
1 0.5515625 0.2953125 0.1140625 0.0375
1 0.5546875 0.35546875 0.10859375 0.0421875
1 0.55 0.396875 0.1171875 0.03984375
1 0.54921875 0.45 0.1203125 0.053125
1 0.5484375 0.48125 0.115625 0.03984375
1 0.43359375 0.353125 0.121875 0.046875
1 0.4296875 0.39921875 0.1171875 0.04453125
1 0.43359375 0.44375 0.115625 0.04921875
1 0.428125 0.48046875 0.121875 0.0515625
1 0.18359375 0.3171875 0.1140625 0.05546875
1 0.1765625 0.40234375 0.10390625 0.03359375
1 0.171875 0.43359375 0.10234375 0.03359375
1 0.1734375 0.48359375 0.10859375 0.0359375
1 0.29296875 0.49375 0.10703125 0.0421875
1 0.17890625 0.2171875 0.11171875 0.046875
1 0.29375 0.44921875 0.11328125 0.06484375
1 0.3046875 0.3453125 0.11328125 0.03984375
1 0.4390625 0.23515625 0.11171875 0.0375
1 0.4390625 0.26328125 0.11171875 0.0265625
1 0.43984375 0.284375 0.11875 0.02890625
1 0.4359375 0.30859375 0.10859375 0.03359375
1 0.18203125 0.26015625 0.10546875 0.03359375
1 0.55625 0.16875 0.1140625 0.0375
1 0.30078125 0.3859375 0.11171875 0.0359375