1 0.5 0.5 1 1
1 0.373390278125 0.21196714375 0.6295502609375 0.15078382031249998 0.8873442078125 0.183239796875 0.8783966171875001 0.10213160156250001 0.6254926875 0.06933368125 0.373094565625 0.1374657640625 0.368371828125 0.14019994687499998 0.373390278125 0.21196714375
1 0.3708850125 0.269836828125 0.6383305703125 0.229499775 0.8882662375000001 0.2432737578125 0.8783577656249999 0.171848503125 0.6350665953125 0.13597445625 0.36862473125 0.19066494843749998 0.3658665609375 0.1980696296875 0.3708850125 0.269836828125
1 0.37879006406250004 0.40630848437499995 0.6490366 0.38260313125 0.9043641328125 0.4032118890625 0.8955410109375 0.300459553125 0.65032808125 0.28395138750000004 0.372433359375 0.3154033671875 0.369507909375 0.32041580937499997 0.37879006406250004 0.40630848437499995
1 0.084431953125 0.5302613171874999 0.3519203203125 0.5139606453125001 0.6566070859375001 0.514290309375 0.6554749640625 0.4278277265625 0.35601278125 0.43194060156249997 0.0940835609375 0.4574682890625 0.0908235484375 0.45769625156249993 0.084431953125 0.5302613171874999
1 0.1054587171875 0.6201406046875 0.3501269921875 0.60543566875 0.659536496875 0.6030311484374999 0.652510665625 0.502557071875 0.3574794671875 0.5231876625 0.1008993015625 0.5315137453125 0.099938421875 0.5411966859375 0.1054587171875 0.6201406046875
1 0.1003665265625 0.781560490625 0.3617122421875 0.7945366046875 0.6792289671875 0.767525796875 0.6632166953125 0.6556604265625 0.37261648125 0.692808734375 0.1075517203125 0.69692024375 0.10721715624999999 0.6921357640625 0.1003665265625 0.781560490625
1 0.10638866875 0.867681128125 0.3760516984375 0.882479575 0.6813219703125 0.8443054374999999 0.679520721875 0.748273896875 0.3768413359375 0.7766511125 0.10082556093749999 0.76470083125 0.100323715625 0.757524109375 0.10638866875 0.867681128125
1 0.1157563609375 0.838581325 0.1076452609375 0.93249956875 0.3882593015625 0.9633598093750001 0.6935295734375 0.9251856703125 0.6758872953124999 0.81343428125 0.38219435 0.853202790625 0.1157563609375 0.838581325
1 0.90954590625 0.3836180453125 0.6522966125 0.38237516875 0.6506666046875 0.38248915 0.660283325 0.4731663046875 0.915568046875 0.46973868281250003 0.90954590625 0.3836180453125
1 0.9123936546875001 0.51803940625 0.659408065625 0.53092200625 0.6577780578125 0.5310359874999999 0.6623374765625 0.6196628468750001 0.9128994609375001 0.6189694078125 0.9123936546875001 0.51803940625
1 0.6669723953125 0.7058733609375001 0.6667335703124999 0.799650746875 0.9229363625 0.762503803125 0.9123587656250001 0.6815095890625 0.6669723953125 0.7058733609375001
1 0.9385712609375 0.8455483140625001 0.68332935 0.873012315625 0.68169934375 0.873126296875 0.681201459375 0.959702859375 0.9351051171875 0.9131009375 0.9385712609375 0.8455483140625001
1 0.360513546875 0.121517953125 0.0722085078125 0.07436795625 0.0689484953125 0.07459591875 0.068450609375 0.16117248125 0.3656992796875 0.1956773890625 0.360513546875 0.121517953125
1 0.3909469375 0.2756457734375 0.3907368453125 0.24921715312499998 0.3790310859375 0.175513640625 0.073173346875 0.15843829843749999 0.0671551671875 0.16607094218750001 0.06419086562500001 0.24080028593749997 0.3909469375 0.2756457734375
1 0.3769031953125 0.2622041828125 0.076227228125 0.225534996875 0.0785263625 0.2349899765625 0.0807866453125 0.31416185625000004 0.3802916390625 0.3340853625 0.3769031953125 0.2622041828125
1 0.3810852375 0.32201018124999997 0.0812456796875 0.29730219375 0.08011751875 0.3045928953125 0.08973423750000001 0.3952700515625 0.3937946859375 0.41006713437500003 0.3810852375 0.32201018124999997