1 0.2450980390625 0.320855615625 0.2450980390625 0.242869875 0.0356506234375 0.2049910875 0.038621509375 0.2139037421875 0.0445632796875 0.2762923359375 0.2450980390625 0.320855615625
1 0.23469994062500002 0.5414438500000001 0.23321449843750003 0.490196078125 0.0182277515625 0.46589962968750004 0.0207961984375 0.55258466875 0.23469994062500002 0.5414438500000001
1 0.242127153125 0.6773618531250001 0.242127153125 0.6016042765625 0.0404096640625 0.608230034375 0.053475935937499997 0.70187165625 0.242127153125 0.6773618531250001
1 0.2614379078125 0.8600713015625001 0.26440879375000004 0.8088235296875 0.2658942375 0.744206775 0.050505049999999996 0.7954545468750001 0.05199049375 0.806595365625 0.06535947656249999 0.9068627453125 0.2614379078125 0.8600713015625001
1 0.3921568625 0.3921568625 0.39364230624999996 0.32531194375 0.2807486640625 0.2874331546875 0.2807486640625 0.2963458109375 0.2807486640625 0.3654188953125 0.3921568625 0.3921568625
1 0.387700534375 0.5280748656250001 0.3891859765625 0.454545453125 0.26440879375000004 0.44353570312499996 0.26440879375000004 0.51247771875 0.387700534375 0.5280748656250001
1 0.38027332187499996 0.6172014265625 0.3832442078125 0.5436720140625 0.2673796796875 0.536987521875 0.2658942375 0.536987521875 0.25995246562499996 0.6127450984375 0.38027332187499996 0.6172014265625
1 0.37581699375 0.733065953125 0.37433155 0.66176470625 0.25995246562499996 0.69741533125 0.26440879375000004 0.69741533125 0.2554961375 0.7709447421875 0.37581699375 0.733065953125
1 0.37136066562500003 0.7954545468750001 0.3669043375 0.7063279859375 0.26440879375000004 0.7531194296875 0.2658942375 0.7620320859375 0.25995246562499996 0.8244206765625 0.37136066562500003 0.7954545468750001
1 0.89296875 0.284375 0.11875 0.03359375
1 0.89375 0.3421875 0.09375 0.02421875
1 0.89453125 0.40859375 0.10390625 0.02890625
1 0.8390625 0.46875 0.13984375 0.0375
1 0.84609375 0.5640625 0.15 0.0578125
1 0.236185384375 0.4055258453125 0.236185384375 0.34536541875000004 0.028223409375 0.3186274515625 0.028223409375 0.320855615625 0.0311942953125 0.3899286984375 0.236185384375 0.4055258453125
1 0.4025549609375 0.21836007031250002 0.4025549609375 0.1515151515625 0.2792632203125 0.10249554375 0.2748068921875 0.1047237078125 0.2792632203125 0.171568628125 0.4025549609375 0.21836007031250002
1 0.2584670234375 0.21613190625 0.2584670234375 0.1515151515625 0.0490196078125 0.062388590625 0.0549613796875 0.06684491875000001 0.0356506234375 0.133689840625 0.2584670234375 0.21613190625