1 0 0.4091086703125 0.0005439374999999999 0.4104937640625 0.20559362499999997 0.39805586718749997 0.184097840625 0.32309116250000003 0 0.34162495000000004 0 0.4091086703125
1 0.02749145625 0.6000150484375 0.053854040625 0.682634096875 0.2564006875 0.6129649921875 0.24084698906250002 0.5641119156250001 0.02749145625 0.6000150484375
1 0.0880456546875 0.7307176515625 0.126416890625 0.8171302031250001 0.3010042625 0.7415705453125 0.28012264375 0.6687476890624999 0.0880456546875 0.7307176515625
1 0.2136788421875 1 0.3699285 0.911879375 0.3586584984375 0.8617979671875 0.3422756078125 0.7992749124999999 0.1493560328125 0.9079067375 0.1538547578125 0.9182065375 0.1895803359375 1 0.2136788421875 1
1 0.34961186875 0.361395215625 0.23065072656250002 0.3561014921875 0.23310738749999999 0.36466888750000004 0.252146509375 0.431066196875 0.36660892500000003 0.42606012031249996 0.34961186875 0.361395215625
1 0.257971528125 0.510660771875 0.2769745234375 0.576932090625 0.39978930625000003 0.5579412203125 0.380949753125 0.4868507703125 0.257971528125 0.510660771875
1 0.3998047671875 0.5741624921875 0.2865861390625 0.5996735375 0.285158240625 0.60008298125 0.3003282609375 0.6745436125000001 0.41721642187499997 0.6456623875 0.3998047671875 0.5741624921875
1 0.423788128125 0.690137134375 0.323666540625 0.7559338640625 0.32795023749999996 0.7547055328125001 0.3396502953125 0.8278432 0.444869315625 0.7582668484374999 0.423788128125 0.690137134375
1 0.42893193749999997 0.7350213265625001 0.3433043671875 0.8082517499999999 0.34718892968750004 0.8164097 0.3586739578125 0.8780192375 0.4577822453125 0.8194669453125 0.42893193749999997 0.7350213265625001
1 0.81796875 0.184375 0.1234375 0.065625
1 0.83515625 0.23984375 0.096875 0.0484375
1 0.85390625 0.303125 0.1078125 0.05625
1 0.8171875 0.3765625 0.1453125 0.075
1 0.85 0.46640625 0.159375 0.096875
1 0 0.46645958125 0.0190152703125 0.5234130390625 0.22036450937500002 0.4819027765625 0.2037820484375 0.4240728625 0 0.45515978749999997 0 0.46645958125
1 0.310274375 0.19187435625 0.1782471109375 0.17873749375 0.1745775796875 0.1821076734375 0.19728623437499998 0.2451348046875 0.32869933125 0.2561298171875 0.310274375 0.19187435625
1 0 0.27943458906249996 0.18957895 0.2937039859375 0.171768159375 0.231590375 0 0.21034376406250002 0 0.27943458906249996