1 0.38676911718749996 0.8847325546875 0.40358214531250003 0.8337315640625 0.30994766406249996 0.8246320218750001 0.18394526093750002 0.8056366125000001 0.16713223125 0.8566376 0.29580056875 0.878888990625 0.38676911718749996 0.8847325546875
1 0.803125 0.4671875 0.121875 0.075
1 0.853125 0.29375 0.1265625 0.0765625
1 0.71484375 0.25234375 0.1234375 0.0703125
1 0.62109375 0.5703125 0.1265625 0.0796875
1 0.6015625 0.21328125 0.121875 0.0703125
1 0.4875 0.18203125 0.1296875 0.0734375
1 0.3484375 0.1359375 0.1171875 0.071875
1 0.234375 0.10546875 0.1296875 0.084375
1 0.66328125 0.92890625 0.1234375 0.0890625
1 0.77109375 0.96015625 0.1234375 0.0796875
1 0.87265625 0.65625 0.1234375 0.0796875
1 0.753125 0.61484375 0.134375 0.084375