1 0.2265625 0.88359375 0.278125 0.06484375
1 0.21171875 0.75078125 0.2953125 0.0671875
1 0.221875 0.62734375 0.2953125 0.09609375
1 0.5265625 0.7640625 0.278125 0.07109375
1 0.53984375 0.88671875 0.275 0.07109375
1 0.5296875 0.82421875 0.28046875 0.0671875
1 0.8421875 0.81640625 0.28203125 0.06015625
1 0.84296875 0.88125 0.28359375 0.0734375
1 0.825 0.315625 0.28359375 0.078125
1 0.8359375 0.384375 0.28359375 0.06875
1 0.515625 0.315625 0.2640625 0.078125
1 0.284375 0.40546875 0.19765625 0.0625
1 0.2203125 0.56015625 0.265625 0.06875