1 0.453125 0.89765625 0.1265625 0.084375
1 0.5796875 0.87109375 0.1375 0.0859375
1 0.4921875 0.5390625 0.1234375 0.0625
1 0.378125 0.56953125 0.1234375 0.0796875
1 0.2921875 0.24921875 0.1203125 0.065625
1 0.15703125 0.28984375 0.1140625 0.090625
1 0.2296875 0.6 0.121875 0.075
1 0.3078125 0.9359375 0.13125 0.078125
1 0.41328125 0.2234375 0.1265625 0.071875
1 1 0.7501185234375 0.9946636265625 0.7298272921875 0.862159171875 0.7724872734375 0.7036141203125 0.8120169953125 0.7064407125 0.818529428125 0.7171519453124999 0.8904363671875 0.8864478046875 0.8602548078125001 1 0.8236254437499999 1 0.7501185234375
1 0.0650897328125 0.677720259375 0.17663598125 0.65231438125 0.16308293437500002 0.597956078125 0.05266610625 0.6278918124999999 0.0650897328125 0.677720259375
1 0 0.35474138593750004 0.10777176562499999 0.327870865625 0.095354225 0.268417990625 0 0.29219246875 0 0.35474138593750004