1 0.66953125 0.03515625 0.3515625 0.0703125
1 0.675 0.075 0.35625 0.15
1 0.67890625 0.12734375 0.3359375 0.1296875
1 0.6875 0.18046875 0.3421875 0.125
1 0.690625 0.22734375 0.3390625 0.128125
1 0.71328125 0.3109375 0.3328125 0.125
1 0.71953125 0.3765625 0.3359375 0.1140625
1 0.7359375 0.45625 0.346875 0.13125
1 0.75234375 0.553125 0.3390625 0.1125
1 0.76640625 0.6484375 0.340625 0.1125
1 0.78125 0.74453125 0.328125 0.10625
1 0.7921875 0.83359375 0.3484375 0.1140625
1 0.80078125 0.88671875 0.3421875 0.1171875
1 0.77578125 0.70390625 0.3375 0.1140625