1 0.653594771875 0.387700534375 0.6550802140624999 0.33868092656250004 0.5329042359375 0.3519289234375 0.525846703125 0.3921568625 0.653594771875 0.387700534375
1 0.796197265625 0.33199643437500004 0.6684491984375 0.33422459843749996 0.6669637546875 0.3743315515625 0.8006535953125 0.376559715625 0.796197265625 0.33199643437500004
1 0.6654783125 0.43449197812499996 0.6654783125 0.396613190625 0.5288175875000001 0.41889483125 0.531788471875 0.423351159375 0.5213903734375 0.454545453125 0.6654783125 0.43449197812499996
1 0.6654783125 0.5191622109375 0.6654783125 0.47459893124999997 0.5288175875000001 0.481283421875 0.531788471875 0.4835115859375 0.5362448 0.5280748656250001 0.6654783125 0.5191622109375
1 0.686274509375 0.8377896625 0.6818181812499999 0.79099821875 0.5421865718750001 0.79099821875 0.5407011296875 0.799910871875 0.53773024375 0.8467023156250001 0.686274509375 0.8377896625
1 0.8051099234375 0.6016042765625 0.8021390374999999 0.5681818187500001 0.6773618546875 0.5726381468749999 0.6729055265625 0.5681818187500001 0.669934640625 0.6283422453124999 0.8051099234375 0.6016042765625
1 0.8155080218749999 0.7486631 0.8214497921874999 0.6885026734374999 0.6773618546875 0.70187165625 0.6758764125 0.7063279859375 0.6610219859375001 0.7620320859375 0.8155080218749999 0.7486631
1 0.2510398109375 0.387700534375 0.2510398109375 0.3520499125 0.2049910859375 0.349821746875 0.2049910859375 0.3520499125 0.19904931718750002 0.3854723703125 0.2510398109375 0.387700534375
1 0.2554961375 0.5659536546874999 0.2554961375 0.5236185390625 0.21093285781249999 0.5191622109375 0.209447415625 0.5303030296875 0.19756387343749998 0.5614973265625001 0.2554961375 0.5659536546874999
1 0.38027332187499996 0.387700534375 0.37433155 0.34090909062499997 0.3134284015625 0.33868092656250004 0.3134284015625 0.34090909062499997 0.3045157453125 0.3899286984375 0.38027332187499996 0.387700534375
1 0.6654783125 0.6996434921875 0.6639928687500001 0.692959003125 0.6654783125 0.6639928703125 0.5392156859375 0.6595365421875 0.5436720140625 0.6684491984375 0.531788471875 0.71746880625 0.6654783125 0.6996434921875