1 0.46640625 0.88515625 0.14375 0.0875
1 0.61328125 0.846875 0.1578125 0.0984375
1 0.74140625 0.80625 0.15625 0.0984375
1 0.8921875 0.75078125 0.1390625 0.0890625
1 0.9765625 0.71953125 0.046875 0.0796875
1 0.31015625 0.925 0.1328125 0.071875
1 0.178125 0.96953125 0.125 0.0609375
1 0.17109375 0.45234375 0.15 0.0828125
1 0.32734375 0.4078125 0.1546875 0.0828125
1 0.05078125 0.4890625 0.1015625 0.090625
1 0.39609375 0.06796875 0.153125 0.0921875
1 0.53359375 0.0390625 0.1421875 0.078125
1 0.09140625 0.1609375 0.159375 0.0875
1 0.69140625 0.0140625 0.1421875 0.028125