1 0.123291740625 0.11614920625 0.12032085625 0.0848782671875 0.0311942953125 0.0781773515625 0.029708853125 0.0848782671875 0.025252524999999998 0.10274737656249999 0.123291740625 0.11614920625
1 0.546875 0.1578125 0.07421875 0.02421875
1 0.54765625 0.18515625 0.084375 0.02265625
1 0.5453125 0.215625 0.08046875 0.02421875
1 0.653125 0.38515625 0.10234375 0.03359375
1 0.65390625 0.0578125 0.07734375 0.0265625
1 0.65234375 0.1171875 0.0828125 0.0203125
1 0.65078125 0.2453125 0.0859375 0.03125
1 0.178125 0.3765625 0.0921875 0.03359375
1 0.17890625 0.27578125 0.084375 0.02890625
1 0.209375 0.1015625 0.0828125 0.0203125
1 0.2078125 0.15546875 0.07734375 0.02421875
1 0.209375 0.2078125 0.0859375 0.03125
1 0.2953125 0.28359375 0.0828125 0.0359375
1 0.7515625 0.034375 0.10078125 0.0203125
1 0.76171875 0.09296875 0.10078125 0.03359375
1 0.76328125 0.17890625 0.09765625 0.0265625
1 0.76796875 0.29921875 0.11015625 0.02265625
1 0.41171875 0.40859375 0.10390625 0.0359375
1 0.06328125 0.3453125 0.090625 0.03359375
1 0.0671875 0.23359375 0.09765625 0.03359375
1 0.5171875 0.34765625 0.0890625 0.02890625
1 0.52265625 0.4453125 0.0953125 0.02890625