1 0.475 0.41015625 0.14296875 0.03984375
1 0.615625 0.41328125 0.12890625 0.046875
1 0.753125 0.41640625 0.13359375 0.04453125
1 0.4859375 0.2015625 0.13671875 0.0421875
1 0.628125 0.2140625 0.13671875 0.03984375
1 0.303125 0.20390625 0.13671875 0.0421875
1 0.30703125 0.4140625 0.13515625 0.04453125
1 0.17421875 0.4109375 0.13828125 0.0375
1 0.15859375 0.7875 0.13984375 0.0421875
1 0.459375 0.78515625 0.13828125 0.0515625
1 0.6015625 0.79296875 0.13671875 0.04453125
1 0.1609375 0.2015625 0.13203125 0.046875