1 0 0.9394864109375 0.05058170937499999 0.8920651078124999 0.3047507921875 0.89867031875 0.3070202609375 0.9300994843750001 0.31657388750000004 0.7721815875 0.474973646875 0.78549158125 0.49960490625 0.7313738437499999 0.49881726249999997 0.700048296875 0.481584621875 0.7122449046875 0.49750033125000004 0.42075559218749997 0.49469211093750004 0.41832561718749994 0.3423026125 0.42553834375 0.3492139484375 0.30540696562499997 0.015492643750000002 0.2865381078125 0 0.5011232828125001 0 0.9394864109375
1 0.2421875 0.3203125 0.2140625 0.0640625
1 0.225 0.36796875 0.2484375 0.0796875
1 0.21875 0.40703125 0.246875 0.0953125
1 0.215625 0.44609375 0.2453125 0.08125
1 0.21015625 0.51796875 0.2484375 0.0859375
1 0.209375 0.565625 0.2453125 0.075
1 0.2078125 0.61328125 0.253125 0.08125
1 0.20234375 0.64140625 0.24375 0.084375
1 0.2 0.6734375 0.2484375 0.090625
1 0.20078125 0.70859375 0.2546875 0.084375
1 0.203125 0.75859375 0.234375 0.0671875
1 0.1953125 0.7921875 0.25 0.08125
1 0.1921875 0.8328125 0.2390625 0.0734375
1 0.19296875 0.86328125 0.2484375 0.08125
1 0.4716991390625 0.7897298171875 0.503273234375 0.742798384375 0.5001436578125 0.7023746515625 0.49523189843750004 0.7087320046875 0.3409667515625 0.7001783406250001 0.31937160625 0.7321723359375001 0.31540291875 0.7676324953125 0.4716991390625 0.7897298171875
1 0.3427689 0.418870134375 0.3445720796875 0.4569675109375 0.49914808437499997 0.46107570156250005 0.496153165625 0.42073917656250004 0.3427689 0.418870134375
1 0.4932207875 0.46066122343749993 0.49633986406249997 0.45864572656249997 0.33521485 0.4630140046875 0.3367071734375 0.5055568515625 0.497210475 0.5100795203125 0.4932207875 0.46066122343749993
1 0.49557322031249995 0.5121986374999999 0.49409139687500003 0.51209501875 0.3427899 0.5037485921875 0.3429558265625 0.54396508125 0.4904335671875 0.54310970625 0.49557322031249995 0.5121986374999999
1 0.49269253749999997 0.53209964375 0.4884024921875 0.52956605 0.3392874984375 0.5325405437499999 0.334386240625 0.5813371234375 0.49551125625000003 0.576968846875 0.49269253749999997 0.53209964375
1 0.49449571875 0.5701970203125 0.492858465625 0.5723161375 0.3366452078125 0.5703270609375 0.33322577343750004 0.619227259375 0.49107628437499995 0.61909721875 0.49449571875 0.5701970203125
1 0.4915425703125 0.612429009375 0.49169799843749995 0.6102062734375 0.3338474890625 0.610336315625 0.331909878125 0.6593401328125 0.48741845625 0.6501119046875 0.4915425703125 0.612429009375
1 0.48772931406250003 0.6456664359375 0.48936656562499997 0.64354731875 0.32722601406249996 0.6411437640625001 0.3302001609375 0.6837902328125 0.48313891093750005 0.690017540625 0.48772931406250003 0.6456664359375