1 0.6661639015625 0.7625223609375 0.6661639015625 0.7088550984374999 0.6284565109375 0.731216459375 0.6284565109375 0.7379248656249999 0.6271995984375 0.8117173515625 0.6661639015625 0.7625223609375
1 0.248868778125 0.5590339890625 0.248868778125 0.5210196765624999 0.126948215625 0.518783540625 0.1244343890625 0.5120751343750001 0.1244343890625 0.56797853125 0.248868778125 0.5590339890625
1 0.246354953125 0.36672629687499997 0.44871795 0.4360465109375 0.44871795 0.40921288125000005 0.250125690625 0.322003578125 0.1307189546875 0.3264758484375 0.1307189546875 0.3287119859375 0.1344896921875 0.3711985703125 0.246354953125 0.36672629687499997
1 0.2234375 0.16328125 0.2046875 0.09375
1 0.2234375 0.73828125 0.19765625 0.0578125
1 0.05390625 0.15625 0.1078125 0.04921875
1 0.059375 0.346875 0.11875 0.06875
1 0.0625 0.52578125 0.12421875 0.04921875
1 0.06171875 0.734375 0.11328125 0.0828125
1 0.3267973859375 0.5791592125 0.3267973859375 0.5120751343750001 0.25389642968750004 0.5143112703125 0.2601809953125 0.5210196765624999 0.1194067375 0.509838996875 0.1219205640625 0.55456171875 0.25641025625 0.5724508046875 0.3267973859375 0.5791592125
1 0.40095525312499997 0.5724508046875 0.3971845140625 0.5322003578125 0.3431372546875 0.5277280875 0.3355957765625 0.5254919499999999 0.3343388640625 0.5769230750000001 0.40095525312499997 0.5724508046875
1 0.40095525312499997 0.7267441859375 0.398441428125 0.6864937390625 0.35444947187500003 0.6976744187499999 0.3280542984375 0.6976744187499999 0.3267973859375 0.6999105546875 0.3267973859375 0.749105546875 0.40095525312499997 0.7267441859375
1 0.45751634062499996 0.5746869421875 0.45751634062499996 0.5389087640625 0.40723981875000004 0.5322003578125 0.40472599374999996 0.5322003578125 0.40723981875000004 0.5791592125 0.45751634062499996 0.5746869421875
1 0.3996983421875 0.2661001796875 0.3996983421875 0.230322003125 0.33422622031250004 0.18636748593750002 0.3267973859375 0.2370304125 0.3996983421875 0.2661001796875
1 0.45877325312500006 0.18336314843749998 0.45751634062499996 0.1252236140625 0.40723981875000004 0.093917709375 0.4034690796875 0.08944543906249999 0.40095525312499997 0.14758497343750002 0.45877325312500006 0.18336314843749998
1 0.4550025125 0.322003578125 0.45877325312500006 0.257155634375 0.41352438437499994 0.239266546875 0.41101055937500003 0.2437388203125 0.4059829046875 0.29740608125 0.4550025125 0.322003578125
1 0.2450980390625 0.3779069765625 0.3280542984375 0.40697674375000004 0.3280542984375 0.3466010734375 0.25389642968750004 0.324239715625 0.1307189546875 0.3264758484375 0.1307189546875 0.324239715625 0.126948215625 0.38237925 0.2450980390625 0.3779069765625