1 0.586806028125 0.5790513390625 0.58708426875 0.581317425 0.5008661125 0.5942039359375 0.5067091625 0.6417917656250001 0.598293646875 0.6167451015625 0.586806028125 0.5790513390625
1 0.27933781875 0.734116475 0.279616059375 0.7363825625 0.1189456078125 0.8021154296875 0.12669664375 0.8540694890625 0.2870491609375 0.7745741546875 0.27933781875 0.734116475
1 0.6703125 0.6109375 0.1140625 0.065625
1 0.6375 0.44765625 0.0921875 0.05
1 0.53125 0.4546875 0.0984375 0.0609375
1 0.61484375 0.29296875 0.0828125 0.0453125
1 0.4265625 0.3421875 0.08125 0.0484375
1 0.4453125 0.621875 0.0984375 0.053125
1 0.4359375 0.50078125 0.0828125 0.0421875
1 0.8836617656250001 0.24816994062500003 0.8819923234375 0.23457341875 0.7968871296875 0.256524278125 0.8055125859375 0.3267729765625 0.8873582875 0.300621834375 0.8836617656250001 0.24816994062500003
1 0.9220196265625 0.4711850125 0.92309289375 0.46875298125000003 0.824949725 0.4739026953125 0.8264600171875 0.5197222703125 0.9295718187500001 0.54386574375 0.9220196265625 0.4711850125
1 0.9369644906250001 0.7269780984375 0.9391110234375001 0.7221140359375 0.8491963453125001 0.6825486546875 0.8493551328125 0.7285341703125 0.9388324140625001 0.7980565187499999 0.9369644906250001 0.7269780984375
1 0.7575739953125 0.3050560859375 0.7586472609375 0.30262405625 0.7194932781250001 0.31893281562500003 0.7223550750000001 0.36458644375000004 0.7647685515625 0.352477971875 0.7575739953125 0.3050560859375
1 0.782538078125 0.094968315625 0.7822598375 0.0927022296875 0.7121006046875 0.1358204609375 0.7206863640625001 0.19457278281249998 0.7908852937499999 0.162950928125 0.782538078125 0.094968315625
1 0.3060518375 0.325992275 0.30199731875 0.3264901078125 0.21848217343749998 0.3390447296875 0.22217869218750003 0.3914966203125 0.324336684375 0.374352696875 0.3060518375 0.325992275