1 0.6905411421875 0.8903887390625 0.692012128125 0.8905954734374999 0.51851524375 0.8549617671874999 0.5113829328125 0.9057107999999999 0.6868914875 0.9483774109375 0.6905411421875 0.8903887390625
1 0.86875 0.64609375 0.1875 0.0890625
1 0.90859375 0.35625 0.1828125 0.0875
1 0.803125 0.97734375 0.228125 0.0453125
1 0.6453125 0.61640625 0.1921875 0.075
1 0.5171875 0.3625 0.146875 0.0796875
1 0.4578125 0.6484375 0.16875 0.071875
1 0.39140625 0.871875 0.20625 0.0921875
1 0.21171875 0.32109375 0.2015625 0.0671875
1 0.09140625 0.80234375 0.1828125 0.0984375
1 0.215309234375 0.54684169375 0.2103476265625 0.58214536875 0.2662451125 0.5900012484375 0.2738795515625 0.5462991046875 0.215309234375 0.54684169375