1 0.5 0.5 0.99296875 1
1 0.29230210625 0.08714596875 0.29230210625 0.019365771875 0.04652011875 0.014546515625 0.0363108203125 0.08714596875 0.29230210625 0.08714596875
1 0.286855484375 0.150084725 0.29593318750000003 0.0750423609375 0.032429318750000005 0.0750423609375 0.025417574999999998 0.1428225625 0.286855484375 0.150084725
1 0.2741466953125 0.256596465625 0.27777777812500004 0.1912369890625 0.023151609375 0.1721101390625 0.010893246875 0.2444928578125 0.2741466953125 0.256596465625
1 0.2741466953125 0.32195594375000003 0.27777777812500004 0.23965141562499997 0.009077706250000001 0.23238925312499997 0.009077706250000001 0.22270636562499999 0.001815540625 0.3098523359375 0.2741466953125 0.32195594375000003
1 0.26688453125 0.3921568625 0.2723311546875 0.3001694515625 0.005446621875 0.3001694515625 0 0.3800532546875 0.26688453125 0.3921568625
1 0.27596223750000004 0.4308884046875 0.290486565625 0.3703703703125 0.00363108125 0.36310820625 0.001815540625 0.355846040625 0 0.4333091265625 0.27596223750000004 0.4308884046875
1 0.66448801875 0.116194625 0.669934640625 0.0314693765625 0.393972403125 0.0387315421875 0.393972403125 0.0242072140625 0.3848947 0.118615346875 0.66448801875 0.116194625
1 0.65904139375 0.2469135796875 0.6517792296875 0.159767609375 0.381263615625 0.15492616718750002 0.381263615625 0.150084725 0.37581699375 0.2469135796875 0.65904139375 0.2469135796875
1 0.6554103125 0.28806584375 0.6517792296875 0.22270636562499999 0.381263615625 0.22996853125 0.379448075 0.22996853125 0.37581699375 0.3001694515625 0.6554103125 0.28806584375
1 0.51953125 0.32109375 0.2796875 0.0796875
1 0.52109375 0.38359375 0.28359375 0.09921875
1 0.5140625 0.45234375 0.290625 0.0875
1 0.50625 0.51953125 0.28671875 0.08984375
1 0.51171875 0.58828125 0.3015625 0.08203125
1 0.5140625 0.65859375 0.290625 0.0921875
1 0.5109375 0.72890625 0.30703125 0.0875
1 0.503125 0.7953125 0.3046875 0.10390625
1 0.503125 0.86640625 0.3046875 0.096875
1 0.5109375 0.95 0.325 0.1
1 0.81328125 0.06640625 0.29765625 0.09453125
1 0.80703125 0.125 0.303125 0.0703125
1 0.8109375 0.1890625 0.30703125 0.08203125
1 0.81171875 0.26015625 0.315625 0.084375
1 0.8125 0.32421875 0.31796875 0.0875
1 0.81953125 0.3859375 0.3140625 0.065625
1 0.81484375 0.45 0.3265625 0.0921875
1 0.81328125 0.5203125 0.31953125 0.0921875
1 0.81796875 0.6 0.31796875 0.07734375
1 0.8203125 0.67421875 0.33046875 0.0796875
1 0.8234375 0.74921875 0.325 0.1140625
1 0.8234375 0.8171875 0.325 0.084375
1 0.825 0.89921875 0.32890625 0.09453125
1 0.8296875 0.9515625 0.3375 0.096875