1 0.9059549734375001 0.4308884046875 0.9041394328125 0.3703703703125 0.686274509375 0.3873154203125 0.686274509375 0.3921568625 0.6753812625 0.45267489687499995 0.9059549734375001 0.4308884046875
1 0.8914306468750001 0.54708303125 0.8896151046874999 0.49866860312499994 0.682643428125 0.5131929328125 0.682643428125 0.5180343749999999 0.68445896875 0.58097313125 0.8914306468750001 0.54708303125
1 0.8823529406249999 0.7165335265625 0.8805374 0.6511740500000001 0.6385756859375 0.69896895625 0.6299927390625 0.7722101171875 0.8823529406249999 0.7165335265625
1 0.615468409375 0.856935365625 0.6100217859375 0.7818930046875 0.268700071875 0.873880415625 0.265068990625 0.8763011374999999 0.26325345 0.9610263859374999 0.615468409375 0.856935365625
1 0.615468409375 0.7988380546875 0.6118373265625 0.7286371328125 0.26325345 0.820624546875 0.265068990625 0.83030743125 0.2596223671875 0.9029290718749999 0.615468409375 0.7988380546875
1 0.6281771953125 0.694747034375 0.6190994921875 0.62212539375 0.2723311546875 0.694747034375 0.2705156140625 0.69716775625 0.2705156140625 0.7722101171875 0.6281771953125 0.694747034375
1 0.6082062453125 0.6051803437500001 0.6045751640625 0.5252965374999999 0.253689509375 0.5711166578125 0.2450980390625 0.653594771875 0.6082062453125 0.6051803437500001
1 0.6118373265625 0.45751634062499996 0.6100217859375 0.3703703703125 0.23602033281249998 0.4091019125 0.23238925156249998 0.4091019125 0.22875817031249998 0.474461390625 0.6118373265625 0.45751634062499996
1 0.5537400140625001 0.10651174062499999 0.7225853296875 0.1307189546875 0.7225853296875 0.0847252484375 0.5610021781250001 0.060518034374999995 0.46114742187499996 0.1016702984375 0.45751634062499996 0.1089324625 0.4538852578125 0.152505446875 0.5537400140625001 0.10651174062499999
1 0.76797385625 0.3074316140625 0.9277414671875001 0.3001694515625 0.9295570078125 0.2444928578125 0.778867103125 0.2444928578125 0.5791575875 0.2469135796875 0.577342046875 0.2469135796875 0.57552650625 0.30259017187500004 0.76797385625 0.3074316140625
1 0.25236020312499996 0.2251270875 0.2469135796875 0.1742919390625 0.11982570781249999 0.169450496875 0.11801016718749999 0.1742919390625 0.110748003125 0.2202856453125 0.25236020312499996 0.2251270875