1 0.74609375 0.11484375 0.41328125 0.0828125
1 0.7421875 0.2015625 0.40234375 0.0828125
1 0.7359375 0.30390625 0.41015625 0.06640625
1 0.7328125 0.3703125 0.41328125 0.06640625
1 0.73046875 0.46015625 0.40234375 0.06640625
1 0.7265625 0.53671875 0.39375 0.0640625
1 0.73984375 0.62578125 0.40546875 0.0734375
1 0.74609375 0.71015625 0.40390625 0.06640625
1 0.7421875 0.7859375 0.40546875 0.06171875
1 0.740625 0.88203125 0.40390625 0.07578125
1 0.28671875 0.6453125 0.40703125 0.0890625
1 0.2890625 0.728125 0.41484375 0.08046875
1 0.2875 0.8015625 0.41171875 0.0890625
1 0.2875 0.884375 0.41171875 0.07578125