1 0.7002987625 0.8529033593750001 0.6961418703125 0.84906480625 0.5744943328125001 0.8111730671874999 0.5289671921875 0.903487390625 0.6487008828125 0.9559523125 0.7002987625 0.8529033593750001
1 0.32017589375 0.754260125 0.4371863734375 0.786054309375 0.510048878125 0.704457121875 0.5084506 0.7047968453125 0.40358159843749997 0.6515334015625001 0.32017589375 0.754260125
1 0.43975179999999997 0.8138417765625 0.517731528125 0.74060114375 0.5052540375000001 0.705476296875 0.5055764203125 0.7148520265625 0.4434217109375 0.7918121375 0.322412125 0.749062671875 0.32657583125 0.7765104140625 0.43975179999999997 0.8138417765625
1 0.8862554640625 0.525327265625 0.8852951328125 0.5208092640624999 0.7596553015625 0.49557143281249993 0.7157128125 0.5403276531250001 0.8456741328125 0.585896496875 0.8862554640625 0.525327265625
1 0.720850478125 0.619511775 0.84233341875 0.640911053125 0.843760284375 0.6004696796875 0.842799953125 0.5959516765624999 0.7158842234375 0.5804293 0.720850478125 0.619511775
1 0.8485755703125 0.670278071875 0.8424980156249999 0.6574035140625 0.7222909750000001 0.626288778125 0.72214000625 0.6570146968749999 0.8506608296874999 0.6958065359375001 0.8485755703125 0.670278071875
1 0.84682631875 0.7013437140625001 0.8463461546875 0.6990847125 0.71782533125 0.6602928734375 0.7229493671875 0.6922586171875 0.8441167390625001 0.7278913546875 0.84682631875 0.7013437140625001
1 0.45463011875000003 0.8602616296875001 0.5342081265624999 0.7866812734375 0.520612521875 0.7541551515625 0.5190142421874999 0.7544948765624999 0.45493887187500004 0.8224189828125 0.3294568234375 0.790064421875 0.330430784375 0.841800803125 0.45463011875000003 0.8602616296875001
1 0.46231276718750003 0.896405653125 0.5438114390625 0.8318612999999999 0.5329322296875 0.7963967281250001 0.5340503421875 0.7937980015625 0.4631016859375 0.8608220062499999 0.3412963640625 0.830046996875 0.345144503125 0.8717281968749999 0.46231276718750003 0.896405653125
1 0.6688893296875 0.5715298640625 0.66313415625 0.5680310375000001 0.6054519078125 0.6345962421875 0.6112138953125 0.6617042609375 0.6780056609375 0.590841703125 0.6688893296875 0.5715298640625
1 0.6733754171874999 0.6083533375 0.6706590234375 0.6112917875 0.6091354499999999 0.659784984375 0.6216129390625 0.6949098296875 0.6810580671875 0.6444973593750001 0.6733754171874999 0.6083533375