1 0.3267973859375 0.3535108953125 0.33169934687499997 0.295399515625 0.1911764703125 0.271186440625 0.1928104578125 0.27602905624999996 0.187908496875 0.3220338984375 0.3267973859375 0.3535108953125
1 0.4754901953125 0.2905569 0.4787581703125 0.2324455203125 0.35415472187499997 0.2093652203125 0.3366013078125 0.2566585953125 0.4754901953125 0.2905569
1 0.330065359375 0.44552058125 0.330065359375 0.40677966093749995 0.19444444375 0.380145278125 0.19444444375 0.3898305078125 0.18954248437500001 0.42615012031250005 0.330065359375 0.44552058125
1 0.330065359375 0.7917675546875 0.330065359375 0.74818401875 0.18954248437500001 0.7530266343750001 0.19444444375 0.7627118640624999 0.171568628125 0.8038740921875001 0.330065359375 0.7917675546875
1 0.168300653125 0.79661016875 0.168300653125 0.7627118640624999 0.01797385625 0.765133171875 0.014705882812500001 0.7772397093750001 0.01633986875 0.8135593218749999 0.168300653125 0.79661016875
1 0.187908496875 0.607748184375 0.1928104578125 0.56658595625 0.01797385625 0.5569007265625 0.01960784375 0.5690072640625 0.0228758171875 0.595641646875 0.187908496875 0.607748184375
1 0.1813725484375 0.31961259062499997 0.1830065359375 0.2808716703125 0.0310457515625 0.27602905624999996 0.032679739062500004 0.271186440625 0.01960784375 0.30508474531249996 0.1813725484375 0.31961259062499997
1 0.46241830000000006 0.46246973437500005 0.46241830000000006 0.41646489062500003 0.3594771234375 0.40677966093749995 0.3545751640625 0.4140435828125 0.3529411765625 0.44067796562500006 0.46241830000000006 0.46246973437500005
1 0.5996732031249999 0.561743340625 0.596405228125 0.49152542343750005 0.455882353125 0.523002421875 0.45751634062499996 0.535108959375 0.46568627500000004 0.5811138015624999 0.5996732031249999 0.561743340625
1 0.58986928125 0.9661016953124999 0.58986928125 0.8958837765625001 0.455882353125 0.8038740921875001 0.454248365625 0.7990314765625001 0.44281045781249995 0.8595641640625 0.58986928125 0.9661016953124999
1 0.9346405234375 0.283292978125 0.9297385625000001 0.1937046 0.5931372546875 0.3414043578125 0.5947712421875 0.343825665625 0.5931372546875 0.41162227656250006 0.9346405234375 0.283292978125
1 0.9509803921875 0.40920096875 0.9428104578125 0.3220338984375 0.6138406984375 0.423789559375 0.5996732031249999 0.489104115625 0.9509803921875 0.40920096875
1 0.939542484375 0.8644067796874999 0.9444444437499999 0.7457627125 0.6094771234375 0.6828087171874999 0.6045751640625 0.6973365625 0.6029411765625 0.7530266343750001 0.939542484375 0.8644067796874999