1 0.35364145625 0.114379084375 0.35364145625 0.0746965453125 0.27194210937499996 0.00233426875 0.26960784375 0 0.2567693734375 0.032679739062500004 0.35364145625 0.114379084375
1 0.42600373593749996 0.19607843125 0.42600373593749996 0.14472455625 0.366647115625 0.0909676171875 0.3559757234375 0.1400560234375 0.42600373593749996 0.19607843125
1 0.493697478125 0.284780578125 0.49603174687499996 0.21708683281250002 0.4400093359375 0.1797385625 0.4400093359375 0.1867413625 0.4376750703125 0.2357609703125 0.493697478125 0.284780578125
1 0.5368814203125 0.3431372546875 0.5392156859375 0.2731092453125 0.503832659375 0.245715934375 0.49719887968750004 0.2987861796875 0.5368814203125 0.3431372546875
1 0.367647059375 0.39449113125 0.37231559375 0.33146591875000003 0.2859477125 0.27777777812500004 0.2836134453125 0.284780578125 0.2789449125 0.3454715234375 0.367647059375 0.39449113125
1 0.19374416562500002 0.2801120453125 0.200746965625 0.2007469640625 0.021008403125 0.100373484375 0.021008403125 0.098039215625 0.0105042015625 0.17740429375 0.19374416562500002 0.2801120453125
1 0.18323996250000002 0.721288515625 0.184407096875 0.641923434375 0.030345471875000002 0.6395891703125 0.029178337500000002 0.644257703125 0.029178337500000002 0.7189542484375 0.18323996250000002 0.721288515625
1 0.4446778703125 0.44117647031249996 0.44234360468749995 0.3711484609375 0.3773769125 0.334024634375 0.37114845937499996 0.3921568625 0.4446778703125 0.44117647031249996
1 0.3571428578125 0.721288515625 0.354808590625 0.651260503125 0.2661064421875 0.651260503125 0.263772175 0.6559290390625 0.260270775 0.7189542484375 0.3571428578125 0.721288515625
1 0.4166666671875 0.7119514484375 0.4166666671875 0.6582633046875 0.35247432343749996 0.6582633046875 0.35247432343749996 0.6722689078124999 0.35364145625 0.714285715625 0.4166666671875 0.7119514484375
1 0.45868347343749993 0.7282913171875001 0.4621848734375 0.667600371875 0.4166666671875 0.660597571875 0.4166666671875 0.6722689078124999 0.41083099843750004 0.7259570484375 0.45868347343749993 0.7282913171875001
1 0.49486461249999997 0.47385620937499995 0.4983660125 0.41549953281249996 0.4551820734375 0.3874883296875 0.451680671875 0.39449113125 0.4446778703125 0.43183940156249995 0.49486461249999997 0.47385620937499995