1 0.8828125 0.23671875 0.234375 0.1046875
1 0.88515625 0.41484375 0.2296875 0.0859375
1 0.84921875 0.690625 0.2296875 0.1125
1 0.82421875 0.90625 0.2171875 0.1046875
1 0.59609375 0.44375 0.28125 0.10625
1 0.59765625 0.21640625 0.2875 0.1234375
1 0.5734375 0.74453125 0.2984375 0.0921875
1 0.57421875 0.91171875 0.275 0.109375
1 0.31484375 0.590625 0.2453125 0.1046875
1 0.3234375 0.41875 0.2609375 0.10625
1 0.340625 0.18125 0.2484375 0.1015625
1 0.09296875 0.64375 0.1859375 0.090625
1 0.0890625 0.9125 0.178125 0.096875
1 0.11484375 0.2828125 0.2 0.0859375
1 0.31328125 0.83203125 0.2421875 0.0953125
1 0.12890625 0.04609375 0.1875 0.0859375