1 0.871979753125 0.2956385921875 0.661350890625 0.3538429015625 0.66227468125 0.3585953921875 0.663128959375 0.4200800703125 0.8853093234375 0.35469831875 0.871979753125 0.2956385921875
1 0.8822027359375 0.42435099843749996 0.681805084375 0.4781005328125 0.682728875 0.48285302343750003 0.6965203390625 0.544288996875 0.8932228296875 0.47152949531250005 0.8822027359375 0.42435099843749996
1 0.6739947265625 0.6688718484375 0.6795445453125 0.7424050671875 0.916644584375 0.639598815625 0.902391225 0.5757865984375 0.6739947265625 0.6688718484375
1 0.661788096875 0.7557206890625 0.34428945 0.9111452859375 0.3411869765625 0.914214375 0.3555711328125 0.9977294046875 0.6814534078125 0.8283450468750001 0.661788096875 0.7557206890625
1 0.65340858125 0.70309685625 0.32878119843750003 0.8599071421875 0.33241096406250004 0.869065703125 0.3409212734375 0.9413923453124999 0.67036791875 0.7713151468749999 0.65340858125 0.70309685625
1 0.6402139234375 0.5971563515625 0.313673559375 0.734610246875 0.3123532703125 0.7373329140625 0.326672028125 0.8109965359375 0.6629817046875 0.6667116203125001 0.6402139234375 0.5971563515625
1 0.271784625 0.6168083015625 0.2790885703125 0.699410390625 0.626287546875 0.582601159375 0.60748063125 0.5048778875 0.271784625 0.6168083015625
1 0.5832658765625001 0.3517588859375 0.22352620937499998 0.46114166093750003 0.21996184218749998 0.4618345046875 0.22886864999999998 0.5266859875 0.6016762953125 0.4369573171875 0.5832658765625001 0.3517588859375
1 0.3884274296875 0.1676890078125 0.47767155937499994 0.10348715 0.6480336656250001 0.0950324046875 0.6392576515624999 0.0498837328125 0.47602428437500005 0.056952792187500004 0.3858563625 0.1164021578125 0.38367768125 0.12422373906249999 0.3884274296875 0.1676890078125
1 0.5364713 0.291806009375 0.7263066421875 0.25983781562499997 0.8817531859375001 0.22222398124999998 0.8729117750000001 0.167223903125 0.7249904671875 0.1959768921875 0.5294120734375001 0.2364595109375 0.527629890625 0.23680593125 0.5364713 0.291806009375
1 0.18941546250000002 0.2285672796875 0.0637387625 0.24806429687499998 0.06288036875 0.253163209375 0.06452764375 0.29969756875 0.20446181874999997 0.277429178125 0.18941546250000002 0.2285672796875