1 0.281540996875 0.144482534375 0.4139547421875 0.563151178125 0.8690090500000001 0.3932611765625 0.7597185578125 0.04445465 0.7593039609375001 0.037619659374999996 0.646100790625 0.07935197656250001 0.530256853125 0.1334313109375 0.49265504218749995 0.0723567671875 0.281540996875 0.144482534375
1 0.6359059296875 0.086911221875 0.632435965625 0.085588259375 0.5261727234375 0.1299665015625 0.540083496875 0.167700890625 0.6398214078125 0.1275117171875 0.6359059296875 0.086911221875
1 0.642861315625 0.10577841562500001 0.64347548125 0.1079202640625 0.5394538718749999 0.149337771875 0.5484667812499999 0.186158640625 0.6547300218750001 0.1417804015625 0.642861315625 0.10577841562500001
1 0.5417264234375 0.178819578125 0.5527659375 0.20115158437499997 0.6592442078125 0.1683014734375 0.6478322859375 0.1392419078125 0.5417264234375 0.178819578125
1 0.6614858406249999 0.1653407375 0.658215446875 0.1593246328125 0.5519522046875001 0.203702875 0.563007178125 0.2422561515625 0.6780373828124999 0.190728109375 0.6614858406249999 0.1653407375
1 0.47265625 0.1890625 0.115625 0.0609375
1 0.36875 0.25625 0.128125 0.06875
1 0.39375 0.3171875 0.1203125 0.0671875
1 0.4078125 0.37578125 0.115625 0.0703125
1 0.4234375 0.41484375 0.1234375 0.0703125
1 0.4390625 0.465625 0.1296875 0.084375
1 0.4484375 0.4953125 0.121875 0.0703125
1 0.5234375 0.340625 0.1296875 0.078125
1 0.53984375 0.38359375 0.125 0.075
1 0.5484375 0.42734375 0.125 0.0796875
1 0.5640625 0.46171875 0.13125 0.0828125
1 0.75390625 0.23671875 0.125 0.084375
1 0.784375 0.3171875 0.109375 0.0609375
1 0.796875 0.34609375 0.1078125 0.0609375
1 0.809375 0.39453125 0.1140625 0.0640625
1 0.69765625 0.43671875 0.1140625 0.0703125
1 0.73046875 0.13984375 0.1203125 0.0765625
1 0.684375 0.39453125 0.1265625 0.09375
1 0.6453125 0.29765625 0.1203125 0.06875
1 0.4859375 0.22890625 0.1171875 0.0671875
1 0.49296875 0.25546875 0.1140625 0.05625
1 0.4984375 0.27578125 0.121875 0.0609375
1 0.50859375 0.2984375 0.1140625 0.0625
1 0.73984375 0.18203125 0.1109375 0.0609375
1 0.3546875 0.196875 0.1203125 0.0671875
1 0.66015625 0.33515625 0.1171875 0.065625