1 0.3015625 0.07421875 0.16015625 0.0359375
1 0.30859375 0.42734375 0.14921875 0.04140625
1 0.303125 0.56875 0.14921875 0.0390625
1 0.309375 0.7578125 0.14375 0.03359375
1 0.3140625 0.89453125 0.1453125 0.03125
1 0.46015625 0.09453125 0.1578125 0.02421875
1 0.45859375 0.24453125 0.1578125 0.02421875
1 0.30234375 0.3453125 0.1546875 0.03125
1 0.46171875 0.4890625 0.16484375 0.03359375
1 0.46015625 0.73671875 0.14375 0.04609375
1 0.465625 0.87890625 0.13984375 0.04375
1 0.61328125 0.7734375 0.15625 0.04609375
1 0.78359375 0.71171875 0.16484375 0.0484375
1 0.78671875 0.59921875 0.16484375 0.04140625
1 0.78828125 0.39453125 0.1671875 0.0484375