1 0.5703125 0.8890625 0.146875 0.0453125
1 0.55859375 0.9140625 0.15 0.0359375
1 0.35 0.7484375 0.05 0.0328125
1 0.3609375 0.6234375 0.05 0.0359375
1 0.3640625 0.50078125 0.0453125 0.0265625
1 0.384375 0.37890625 0.05625 0.028125
1 0.39609375 0.24921875 0.05625 0.025
1 0.0515625 0.80625 0.0609375 0.0359375
1 0.06015625 0.72109375 0.05625 0.028125
1 0.06953125 0.60859375 0.0609375 0.028125
1 0.07890625 0.49765625 0.0578125 0.03125
1 0.340625 0.88671875 0.05 0.0421875
1 0.09375 0.26953125 0.0609375 0.040625