1 0.5213198265625001 0.80423860625 0.50407571875 0.8701828968750001 0.7542291718749999 0.910054084375 0.8199271765624999 0.9122157171874999 0.8237506218749999 0.8514656796875 0.7588460453125 0.835272315625 0.5213198265625001 0.80423860625
1 0.41796875 0.809375 0.1046875 0.04375
1 0.46015625 0.52578125 0.1 0.0390625
1 0.3546875 0.5109375 0.1046875 0.0484375
1 0.4046875 0.23046875 0.1015625 0.053125
1 0.5015625 0.2484375 0.103125 0.053125
1 0.27578125 0.21875 0.1015625 0.05
1 0.1765625 0.1984375 0.10625 0.04375
1 0.0953125 0.765625 0.0953125 0.0453125
1 0.1890625 0.7796875 0.1046875 0.0484375
1 0.93203125 0.30625 0.1 0.0453125
1 0.89453125 0.59140625 0.1015625 0.0484375