1 1 0.19620340625 0.8521441703124999 0.1470701375 0.127397225 0.014484978125 0.1222965671875 0.005996059375 0 0.4757453671875 0 0.6735392453125 0.5723294703125 0.820674271875 0.52761854375 1 0.8855558890624999 1 1 0.5527509875 1 0.19620340625
1 1 0.210822553125 0.84025785625 0.15132372968750002 0.4150371609375 0.076578759375 0.41616658281249996 0.0720489 0.383941565625 0.14340330625 0.823872125 0.2025700375 1 0.264214915625 1 0.210822553125
1 1 0.27378096093750004 0.827834228125 0.201152175 0.3924213515625 0.123866009375 0.38620040625 0.1343435890625 0.357372784375 0.2065450609375 0.82504720625 0.2702233875 1 0.34195441875 1 0.27378096093750004
1 1 0.33490077500000004 0.79786805625 0.2634468640625 0.3894685515625 0.1877328125 0.35004068125 0.2504257828125 0.7979045828125 0.3211934296875 1 0.40644814843750005 1 0.33490077500000004
1 1 0.390242971875 0.8171595265624999 0.33080568125 0.36192699375 0.24617219218750003 0.3545674953125 0.246742990625 0.334784371875 0.297142234375 0.7939790078125 0.380357859375 1 0.4559758515625 1 0.390242971875
1 1 0.45346869375 0.7979411125 0.3789399953125 0.35232691875 0.284675990625 0.351753078125 0.272504278125 0.3076417484375 0.3481122765625 0.7730664625 0.4352869609375 0.993350625 0.5214844281250001 1 0.5059179109375 1 0.45346869375
1 1 0.509909775 0.7951449546875 0.433574565625 0.33084966250000003 0.34187002187500004 0.32236074531250003 0.3469706796875 0.298050803125 0.4010527171875 0.7821657531249999 0.50010458125 0.9976844312500001 0.5706795171875 1 0.559727590625 1 0.509909775
1 0.3268218359375 0.3983785078125 0.3031788578125 0.452851559375 0.74879305 0.5471155640625 0.9835666734374999 0.62730275 0.9922486015624999 0.5693242125 0.7798977765624999 0.49472765625 0.3268218359375 0.3983785078125
1 0.2743786328125 0.56836295625 0.7199928250000001 0.6626269609375 0.9542017390625 0.745079075 0.9685399 0.6788878859375 0.72052100625 0.602615465625 0.28396044374999996 0.500985875 0.28170160312500003 0.510045590625 0.2743786328125 0.56836295625
1 0.2387836203125 0.6821802203125 0.6996815187500001 0.7730376999999999 0.9256219171875 0.8510225140625 0.9423428218750001 0.7926425906250001 0.7149378265624999 0.7263212484375 0.262519715625 0.615926471875 0.2653524 0.619038465625 0.2387836203125 0.6821802203125
1 0.910154334375 0.9217435640625 0.9316133265625 0.8356762468750001 0.671372946875 0.7707910328125 0.23877448750000002 0.667743578125 0.25123464218749997 0.6756617 0.2122057078125 0.730885334375 0.6889702875 0.8449446390625001 0.910154334375 0.9217435640625