1 0.781394275 0.026821590625000002 0.7788288 0.028899075000000003 0.6900130921875001 0.0923250359375 0.6858651375 0.1317901890625 0.7907464531249999 0.0606642921875 0.781394275 0.026821590625000002
1 0.6107273015625 0.1544055078125 0.605359359375 0.20547806093749998 0.6808596875 0.1570824703125 0.6753778890625 0.1071475109375 0.6107273015625 0.1544055078125
1 0.5924064734375001 0.1947281578125 0.5931384640624999 0.1877637203125 0.53351899375 0.21905145625000003 0.5287645515625 0.286618365625 0.58960400625 0.243723228125 0.5924064734375001 0.1947281578125
1 0.48471568437499996 0.270253021875 0.47971724218749995 0.34014140625 0.523818346875 0.300181246875 0.522768259375 0.2467083078125 0.48471568437499996 0.270253021875
1 0.7376977218749999 0.3085781265625 0.736108234375 0.30136969062499996 0.6446015468749999 0.3457358203125 0.6426565765625 0.40890376875 0.7359967484375 0.3694245953125 0.7376977218749999 0.3085781265625
1 1 0.160398546875 0.8288941546874999 0.2336667640625 0.8275626828125 0.31332906562499996 1 0.23916909999999997 1 0.160398546875
1 0.953163415625 0.6926817093750001 0.9524906703125 0.6879167515625 0.7990290140625 0.6741344046875 0.7918938437499999 0.7531867140624999 0.9453555015624999 0.766969059375 0.953163415625 0.6926817093750001
1 0.5708092015624999 0.3778810578125 0.561167803125 0.4472814484375 0.63941835625 0.4062162921875 0.6393004953125 0.3477514671875 0.5708092015624999 0.3778810578125
1 0.718634721875 0.6797673750000001 0.7168012359375 0.6748804171875 0.6285850078124999 0.6656085171874999 0.6189436078125 0.7350089109375 0.7155290125 0.742813321875 0.718634721875 0.6797673750000001
1 0.6287105109375 0.6867458328125 0.6301744953124999 0.6728169546875 0.5663338046875 0.6661070265625 0.5607218656249999 0.7195010609375 0.6231578203125 0.7284104703125001 0.6287105109375 0.6867458328125
1 0.5648698203125 0.68003590625 0.56608980625 0.6684285062499999 0.5200889625 0.670634996875 0.51722725 0.7313594671875 0.56506158125 0.73403993125 0.5648698203125 0.68003590625
1 0.559083309375 0.40011986562499996 0.55633308125 0.39278942968749997 0.5104577406249999 0.4161332328125 0.5078400249999999 0.47453622187500005 0.5621437921875 0.4379955296875 0.559083309375 0.40011986562499996