1 0.432263815625 0.9001782531250001 0.432263815625 0.8489304796875 0.2554961375 0.8600713015625001 0.2569815796875 0.8600713015625001 0.252525253125 0.9180035656250001 0.432263815625 0.9001782531250001
1 0.11484375 0.59375 0.1796875 0.06484375
1 0.11328125 0.30078125 0.1796875 0.0625
1 0.13046875 0.9515625 0.22265625 0.0578125
1 0.33984375 0.5953125 0.1875 0.04921875
1 0.50234375 0.36171875 0.13984375 0.06015625
1 0.52109375 0.653125 0.16328125 0.04921875
1 0.55546875 0.88359375 0.19921875 0.06484375
1 0.81015625 0.36328125 0.19765625 0.03984375
1 0.8703125 0.85703125 0.18984375 0.0734375
1 0.7754010703125 0.6216577546875001 0.7754010703125 0.5860071296875 0.7174762703125 0.577318409375 0.7189542484375 0.6216577546875001 0.7754010703125 0.6216577546875001