1 0.48148475625 0.8549617671874999 0.307987871875 0.8905954734374999 0.30945885781250004 0.8903887390625 0.3131085125 0.9483774109375 0.4886170671875 0.9057107999999999 0.48148475625 0.8549617671874999
1 0.13125 0.64609375 0.1875 0.0890625
1 0.090625 0.35625 0.18125 0.0875
1 0.196875 0.97734375 0.228125 0.0453125
1 0.3546875 0.61640625 0.1921875 0.075
1 0.4828125 0.3625 0.146875 0.0796875
1 0.5421875 0.6484375 0.16875 0.071875
1 0.60859375 0.871875 0.20625 0.0921875
1 0.78828125 0.32109375 0.2015625 0.0671875
1 0.90859375 0.80234375 0.1828125 0.0984375
1 0.7261204484375 0.5462991046875 0.7337548875000001 0.5900012484375 0.7896523734375 0.58214536875 0.784690765625 0.54684169375 0.7261204484375 0.5462991046875