1 0.30625 0.05 0.29375 0.06015625
1 0.32265625 0.11171875 0.30859375 0.0625
1 0.3203125 0.16484375 0.31015625 0.0578125
1 0.31640625 0.21171875 0.296875 0.0671875
1 0.31796875 0.26875 0.28828125 0.05546875
1 0.31953125 0.30859375 0.28203125 0.06484375
1 0.321875 0.365625 0.275 0.04921875
1 0 0.6706773625 0.0356506234375 0.7308377890625 0.45603089687500004 0.5681818187500001 0.45751634062499996 0.47237076718750004 0.20202020312500002 0.367647059375 0 0.3943850265625 0 0.403297684375 0 0.6706773625
1 0.07130124843749999 0.8467023156250001 0.44711824218749996 0.6506238843750001 0.44117647031249996 0.5659536546874999 0.0549613796875 0.7263814609375 0.0014854421875 0.6483957234375 0.0014854421875 0.6439393953125 0 0.7263814609375 0.07130124843749999 0.8467023156250001
1 0.46939988125000004 0.7308377890625 0.46345811093749995 0.6350267374999999 0.075757575 0.83110516875 0.072786690625 0.83110516875 0.0950683296875 0.9491978609375 0.46939988125000004 0.7308377890625
1 0.6580511 0.124777184375 0.653594771875 0.0935828875 0.5277705578125 0.08470117968749999 0.5184194890625 0.124777184375 0.6580511 0.124777184375
1 0.6580511 0.1827094484375 0.6580511 0.12923351249999998 0.5213903734375 0.1270053484375 0.5184194890625 0.12923351249999998 0.5213903734375 0.180481284375 0.6580511 0.1827094484375
1 0.8600713000000001 0.098039215625 0.8585858578125001 0.0401069515625 0.7650029703125 0.06907308281249999 0.763517528125 0.06907308281249999 0.7650029703125 0.10695187187499999 0.8600713000000001 0.098039215625
1 0.8377896625 0.171568628125 0.8422459890624999 0.1136363625 0.7605466421875 0.12254902031249999 0.762032084375 0.1270053484375 0.762032084375 0.164884134375 0.8377896625 0.171568628125
1 0.9402852046874999 0.33868092656250004 0.941770646875 0.298573975 0.8452168734375001 0.2762923359375 0.8407605468750001 0.2807486640625 0.824420678125 0.320855615625 0.9402852046874999 0.33868092656250004
1 0.9269162203124999 0.403297684375 0.9387997625000001 0.367647059375 0.8273915625000001 0.3431372546875 0.8288770046874999 0.34759358281249997 0.8259061187500001 0.38324420625 0.9269162203124999 0.403297684375
1 0.9640522875 0.2228164 0.9640522875 0.17602495625 0.8422459890624999 0.1849376109375 0.8437314312499999 0.191622103125 0.8467023171875001 0.2250445640625 0.9640522875 0.2228164
1 0.9655377296875001 0.1515151515625 0.9670231734374999 0.098039215625 0.8511586453125 0.098039215625 0.8452168734375001 0.10249554375 0.8363042187499999 0.1581996453125 0.9655377296875001 0.1515151515625