1 0.57421875 0.21328125 0.19375 0.075
1 0.57109375 0.3171875 0.1953125 0.0890625
1 0.5328125 0.38671875 0.1890625 0.08125
1 0.5203125 0.46171875 0.1984375 0.0796875
1 0.48515625 0.62734375 0.1953125 0.0875
1 0.46953125 0.6984375 0.184375 0.078125
1 0.68203125 0.60390625 0.1953125 0.0890625
1 0.64765625 0.74140625 0.1875 0.0890625
1 0.6296875 0.846875 0.1859375 0.096875
1 0.809375 0.896875 0.18125 0.0796875
1 0.90234375 0.48203125 0.1953125 0.0765625
1 0.88203125 0.5765625 0.2015625 0.0765625
1 0.29921875 0.22734375 0.1890625 0.078125
1 0.3203125 0.465625 0.1875 0.0953125
1 0.27734375 0.64296875 0.178125 0.078125
1 0.2484375 0.796875 0.2015625 0.0859375
1 0.06640625 0.7453125 0.1328125 0.09375
1 0.0859375 0.58046875 0.171875 0.0984375
1 0.7703125 0.22890625 0.1984375 0.090625
1 0.74609375 0.36484375 0.19375 0.0890625