1 0.6390625 0.15234375 0.2265625 0.06875
1 0.62265625 0.26328125 0.2375 0.0921875
1 0.61484375 0.35546875 0.2390625 0.071875
1 0.6046875 0.4453125 0.2375 0.096875
1 0.58828125 0.578125 0.2421875 0.0875
1 0.5796875 0.65234375 0.2390625 0.103125
1 0.5734375 0.734375 0.2140625 0.078125
1 0.5703125 0.8046875 0.228125 0.0828125
1 0.55859375 0.91953125 0.23125 0.10625
1 0.89140625 0.1296875 0.2171875 0.128125
1 0.890625 0.2390625 0.21875 0.0875
1 0.8703125 0.3984375 0.259375 0.08125
1 0.86171875 0.51875 0.2421875 0.090625
1 0.8484375 0.65859375 0.26875 0.103125
1 0.8265625 0.7859375 0.2515625 0.1046875
1 0.8015625 0.89609375 0.240625 0.0921875
1 0.7828125 0.98203125 0.2375 0.0359375
1 0.7921875 0.953125 0.253125 0.09375