1 0.4103122734375 1 0.8587509078125001 0.5992236765625 0.8533042843749999 0.3663270265625 0.5591866375000001 0.39786511406249997 0.5519244734375001 0.33721494375 0.01633986875 0.3299369234375 0.01633986875 0.33236292968750003 0.005446621875 0.9946627859375001 0.4103122734375 1
1 0.5355846046875 0.4827753515625 0.5301379796875 0.4245511875 0.2451433984375 0.43425367187499997 0.2469135796875 0.5288694796875 0.5355846046875 0.4827753515625
1 0.5392156859375 0.579815625 0.5392156859375 0.5240174671875 0.2432824984375 0.5967976703125 0.2450980390625 0.5992236765625 0.2559912859375 0.6792819015625 0.5392156859375 0.579815625
1 0.54647785 0.538573509375 0.5410312265624999 0.47064531875000004 0.2396514171875 0.5191654546875 0.2378358765625 0.5215914609375 0.2378358765625 0.616205725 0.54647785 0.538573509375
1 0.54284676875 0.6817079078125 0.5392156859375 0.6234837468750001 0.2487291203125 0.7496360984375 0.2487291203125 0.7520621046875 0.25054466249999996 0.846676371875 0.54284676875 0.6817079078125
1 0.5555555562500001 0.7690441531250001 0.5482933921875001 0.69626395 0.25236020312499996 0.9049005328125 0.2541757453125 0.9049005328125 0.2741466953125 0.9849587578125 0.5555555562500001 0.7690441531250001
1 0.6899055921875 0.5361475015625 0.6899055921875 0.48762736406249996 0.5538929953125 0.5187155125 0.5591866375000001 0.5870936437500001 0.6899055921875 0.5361475015625
1 0.682643428125 0.6380397859375 0.68445896875 0.58224163125 0.5519244734375001 0.657447840625 0.5555555562500001 0.657447840625 0.5482933921875001 0.7132459984375 0.682643428125 0.6380397859375
1 0.69716775625 0.69626395 0.6935366734375 0.6428917984375 0.5573710968750001 0.739932071875 0.5573710968750001 0.742358078125 0.5537400140625001 0.8321203296874999 0.69716775625 0.69626395
1 0.9168482203125 0.3153808828125 0.9150326796874999 0.269286753125 0.8496732031249999 0.2814167875 0.8478576625 0.2838427953125 0.8351488734375 0.320232896875 0.9168482203125 0.3153808828125
1 0.764342775 0.3153808828125 0.75889615 0.2935468203125 0.6935366734375 0.2959728296875 0.695352215625 0.2983988359375 0.695352215625 0.3226589046875 0.764342775 0.3153808828125