1 1 0.495636571875 0.9947042484375 0.192243134375 0.9395602109375 0.2163038828125 0.8236051140624999 0.220637709375 0.7343944140625001 0.259152015625 0.6644258171875 0.27654206875 0.6597879453125 0.1980891203125 0.533869196875 0.1933575796875 0.527718503125 0.1218605 0.28396908593750003 0.107636596875 0.259825765625 0.12884640625 0.259866071875 0.1311555234375 0.007786740625000001 0.1078377375 0.0029661390625 0.112541521875 0.0059003390625 0.8423936218750001 0.26526163281250004 0.814768246875 0.275526225 0.93469975 0.9160133578125 0.8334370015625 0.9069391421875 0.68807669375 1 0.6953575375 1 0.495636571875
1 0.40546875 0.17265625 0.2375 0.059375
1 0.40234375 0.23125 0.246875 0.0625
1 0.396875 0.2984375 0.25 0.0484375
1 0.39765625 0.3703125 0.246875 0.053125
1 0.4 0.43671875 0.2453125 0.053125
1 0.39921875 0.50703125 0.24375 0.040625
1 0.140625 0.1734375 0.2640625 0.0625
1 0.13984375 0.27734375 0.265625 0.0671875
1 0.1375 0.38359375 0.2671875 0.0578125
1 0.13671875 0.484375 0.2734375 0.0609375
1 0.1390625 0.58515625 0.26875 0.053125
1 0.13203125 0.69765625 0.2453125 0.034375
1 0.42890625 0.81328125 0.321875 0.0546875
1 0.7765625 0.63125 0.25 0.0625
1 0.77734375 0.721875 0.253125 0.0484375
1 0.77890625 0.79453125 0.2609375 0.06875