1 0.253125 0.07734375 0.2984375 0.0953125
1 0.2765625 0.1359375 0.3140625 0.1
1 0.28046875 0.1890625 0.315625 0.0953125
1 0.2828125 0.2359375 0.303125 0.103125
1 0.29140625 0.29296875 0.2921875 0.090625
1 0.29765625 0.33203125 0.2875 0.0984375
1 0.30703125 0.38828125 0.2796875 0.0828125
1 0 0.530581309375 0.0245272625 0.73033983125 0.0672438625 0.7857071125 0.464667909375 0.5730320875 0.45446585156249997 0.4777541671875 0.18811153281249998 0.40494820000000004 0 0.45373534062500004 0 0.530581309375
1 0.031315884375000005 0.7856287203125001 0.11674908749999999 0.896363284375 0.46586884843750004 0.655945821875 0.44965266093749995 0.5726308312499999 0.085867590625 0.7789306125000001 0.0232861828125 0.7080432453125 0.022743093750000002 0.703620134375 0.031315884375000005 0.7856287203125001
1 0.48018610781250004 0.6384736046875 0.11927138281250001 0.88033930625 0.11632264375000001 0.8807013671874999 0.1528300765625 0.9951983656250001 0.4977600203125 0.732846375 0.48018610781250004 0.6384736046875
1 0.476951365625 0.084412375 0.472554034375 0.12532926718749998 0.611144853125 0.10831245468749999 0.6029201125 0.077893765625 0.476951365625 0.084412375
1 0.6116879421875 0.112735565625 0.4757743203125 0.1271787625 0.47309712499999995 0.129752378125 0.482291396875 0.18025609843749998 0.6182050203125 0.16581289999999999 0.6116879421875 0.112735565625
1 0.7994974296875 0 0.7105108984374999 0.039989409375 0.7090365281250001 0.0401704390625 0.7151271609375 0.0775858546875 0.8084006859375 0.057153717187499994 0.7998908218749999 0 0.7994974296875 0
1 0.79260905625 0.07480696406250001 0.7126048640625 0.093609834375 0.7146223234375 0.097851915625 0.7192385859375 0.135448359375 0.7952461140625 0.1328505015625 0.79260905625 0.07480696406250001
1 0.9139300984375 0.24623707499999997 0.8153805734375 0.235888465625 0.811500553125 0.240854665625 0.8001702875 0.2826539953125 0.9173435359375001 0.28622610625 0.9139300984375 0.24623707499999997
1 0.91939925 0.315157359375 0.8058344749999999 0.304407490625 0.8078519359375 0.30864957187500003 0.8092479125 0.344396521875 0.911949003125 0.35199048906249997 0.91939925 0.315157359375
1 0.9211106859375 0.12188606875 0.8012984921875 0.14557674375000001 0.8035874968750001 0.15203038124999999 0.8106094125000001 0.18484165624999999 0.9268131281249999 0.1683287375 0.9211106859375 0.12188606875
1 0.91455535625 0.0441195625 0.799554465625 0.058239896874999995 0.794200071875 0.063387128125 0.7921424734375 0.1197621984375 0.9195980625000001 0.0973779265625 0.91455535625 0.0441195625