1 0.10794215468749999 0.2523395828125 0.0449948390625 0.713386165625 0.44803721406249997 0.89506633125 0.6123996078125 0.7470671828125 0.6841735734375 0.3295615125 0.6520910375 0.2919496515625 0.10794215468749999 0.2523395828125
1 0.2732975796875 0.5373323859375 0.520775890625 0.60800820625 0.5971254046875 0.5723093859375 0.604691775 0.5293983718749999 0.40096518437500006 0.46152103593750005 0.2874888890625 0.488215334375 0.28570093124999996 0.48790007031249993 0.2732975796875 0.5373323859375
1 0.2568979609375 0.5885181203125 0.5137364171875001 0.6583863203125 0.59282114375 0.628085921875 0.598493009375 0.5750085984375 0.526033225 0.5991029546875 0.27497899531250003 0.5277966078125 0.275819703125 0.5230287171875 0.2568979609375 0.5885181203125
1 0.26499697968749997 0.5777191296875 0.24827779687499998 0.61649493125 0.499965465625 0.7051194265625 0.5749473734375 0.666721396875 0.5833544515625 0.6190424953125 0.5104743125 0.645520796875 0.26499697968749997 0.5777191296875
1 0.24660220000000002 0.66781884375 0.497869515625 0.758827284375 0.57274488125 0.71057820625 0.5840944359375 0.6462116875 0.49586264843750005 0.6970217953125 0.2628952765625 0.6067820640625 0.264262884375 0.609481275 0.24660220000000002 0.66781884375
1 0.23682751875000002 0.7127985359375 0.4725301 0.8084366875000001 0.5606553437499999 0.7477755328125 0.568642065625 0.7024805765625 0.48556107031250006 0.7345343875 0.25585580625 0.657160178125 0.255435453125 0.659544121875 0.23682751875000002 0.7127985359375
1 0.24283812968750002 0.7025072906250001 0.21621854062499998 0.7460355890625 0.46012675312500007 0.8578690046874999 0.5583463078124999 0.7817812953125001 0.5625498453125 0.7579418453125 0.47421151562499997 0.7989009078125 0.24283812968750002 0.7025072906250001
1 0.3934879 0.38891870625 0.6223466359375001 0.4292726765625 0.6786140703125 0.4342780140625 0.684812834375 0.38866778750000003 0.631487878125 0.3669748359375 0.415251396875 0.33867876875 0.4139903359375 0.34583060468750004 0.3934879 0.38891870625
1 0.4029266734375 0.373580340625 0.3871825921875 0.42467788124999994 0.6197237906249999 0.47551343125 0.653801553125 0.49135451874999997 0.6745112546875001 0.4261803796875 0.62539565625 0.4224361046875 0.4029266734375 0.373580340625
1 0.20546875 0.29609375 0.2078125 0.0828125
1 0.2 0.32265625 0.2 0.08125
1 0.19375 0.3671875 0.221875 0.0828125
1 0.1921875 0.4109375 0.2078125 0.08125
1 0.1875 0.45 0.2140625 0.090625
1 0.171875 0.49375 0.2078125 0.08125
1 0.1671875 0.53125 0.2 0.1
1 0.16328125 0.5703125 0.20625 0.1203125
1 0.15703125 0.609375 0.2140625 0.1140625
1 0.15078125 0.64609375 0.2015625 0.11875
1 0.14140625 0.68359375 0.1984375 0.11875