1 0.2375 0.11015625 0.1640625 0.0609375
1 0.29921875 0.4578125 0.153125 0.0640625
1 0.31640625 0.5984375 0.153125 0.0625
1 0.35234375 0.784375 0.146875 0.05625
1 0.378125 0.91875 0.1484375 0.053125
1 0.396875 0.10546875 0.159375 0.0484375
1 0.41875 0.25390625 0.159375 0.0484375
1 0.28046875 0.378125 0.1578125 0.0546875
1 0.46015625 0.4953125 0.16875 0.059375
1 0.49765625 0.73984375 0.1484375 0.06875
1 0.525 0.8796875 0.1453125 0.065625
1 0.6546875 0.75234375 0.1609375 0.0703125
1 0.81328125 0.66484375 0.1703125 0.0734375
1 0.7984375 0.553125 0.16875 0.0671875
1 0.76796875 0.35078125 0.1734375 0.0734375