1 0.8570242984374999 0.3693782234375 0.8599297937499999 0.365173590625 0.7181765078125 0.34971533906249996 0.7068709078125 0.40692674531249995 0.8490557125 0.4149520796875 0.8570242984374999 0.3693782234375
1 0.5941669671875001 0.24866516875000003 0.581290678125 0.3054261875 0.7241428859375 0.3111240125 0.72030528125 0.260824325 0.5941669671875001 0.24866516875000003
1 0.8240856796875 0.47832081249999997 0.826755290625 0.469010771875 0.68904666875 0.45723119375000004 0.6783682234375 0.49447135624999994 0.818786703125 0.5145846281249999 0.8240856796875 0.47832081249999997
1 0.7213056484375 0.836757378125 0.728687325 0.8287985000000001 0.5949428734375 0.7854101250000001 0.5829296234375 0.827305309375 0.7319494468750001 0.8826304796875 0.7213056484375 0.836757378125
1 0.8900770250000001 0.9002651 0.8902726624999999 0.8877267734375 0.7464366734375 0.8439635828125001 0.737093034375 0.8765487249999999 0.8784952953125 0.9347273656249999 0.8900770250000001 0.9002651
1 0.9427615984375001 0.6987480640625 0.9476693031250001 0.6875609 0.7769359640625 0.6486794421875001 0.7703021828125001 0.6895982796875 0.932278790625 0.7234499 0.9427615984375001 0.6987480640625
1 1 0.41080380937500005 0.865113628125 0.3767355703125 0.8560058734375 0.41442612187499994 1 0.4420719359375 1 0.41080380937500005
1 0.6634841234375 0.45745790625 0.6607742671875 0.4491242125 0.5591512453124999 0.43005981875000004 0.5464705921874999 0.47428251406250005 0.6577133828124999 0.48351090625 0.6634841234375 0.45745790625
1 0.5311605734375 0.54545898125 0.5360682765625 0.53427181875 0.40966525625 0.46528083125 0.387169196875 0.53187785 0.510626475 0.587429734375 0.5311605734375 0.54545898125
1 0.46155504843750006 0.8000583640625001 0.458649553125 0.8042629968749999 0.3044917453125 0.8557765796875 0.2851370640625 0.9232743749999999 0.4558648015625 0.8613988328125 0.46155504843750006 0.8000583640625001
1 0.451947515625 0.3237531 0.4541856078125 0.321875978125 0.171335234375 0.0871179625 0.1419292640625 0.1718846765625 0.4348309265625 0.3893737734375 0.451947515625 0.3237531
1 0.12339737343749999 0.20687289999999997 0.091517428125 0.2884113265625 0.40719128125 0.46205254531250006 0.41157574218750004 0.3953630734375 0.12339737343749999 0.20687289999999997
1 0 0.7282101140624999 0.331302996875 0.714850378125 0.345082571875 0.6608672578125 0.3443749234375 0.6455510328125 0.0050311953125 0.613736790625 0 0.6344792640625 0 0.7282101140624999