1 0.1625 0.1203125 0.22421875 0.07109375
1 0.16171875 0.175 0.2296875 0.07109375
1 0.16015625 0.2359375 0.22265625 0.0765625
1 0.1609375 0.29765625 0.22890625 0.0578125
1 0.1625 0.48125 0.23359375 0.0609375
1 0.16171875 0.6546875 0.22734375 0.065625
1 0.16328125 0.834375 0.22890625 0.0609375
1 0.8609375 0.10390625 0.15078125 0.0765625
1 0.8640625 0.1828125 0.16015625 0.0609375
1 0.86796875 0.2375 0.16015625 0.0578125
1 0.86484375 0.28984375 0.15625 0.084375
1 0.8640625 0.41875 0.15859375 0.0734375
1 0.8640625 0.5375 0.15078125 0.084375
1 0.865625 0.6578125 0.16015625 0.065625
1 0.86171875 0.784375 0.15859375 0.05546875
1 0.86796875 0.89609375 0.1671875 0.06875
1 0.1578125 0.4140625 0.23203125 0.06328125
1 0.16171875 0.77265625 0.22734375 0.06328125
1 0.37114845937499996 0.1502372171875 0.5053688140625 0.1924090671875 0.5088702140625 0.10279388593750001 0.36647992500000004 0.063257775 0.30812325 0.2134949921875 0.30695611562499997 0.21876647187499998 0.3139589171875 0.27675276718749997 0.37114845937499996 0.1502372171875
1 0.6080765640625 0.15287295625 0.76447245625 0.2635740625 0.7703081218750001 0.1845018453125 0.6034080296875 0.071164996875 0.5298786171875001 0.16078018125 0.5322128859374999 0.16341591875 0.5345471515625 0.23458091875 0.6080765640625 0.15287295625
1 0.31130215156249996 0.8176344906249999 0.30812325 0.8750658937500001 0.37581699375 0.9646810734375 0.50420168125 0.930416446875 0.503034546875 0.8697944140624999 0.38165266249999996 0.8882445984375 0.31130215156249996 0.8176344906249999
1 0.6139122312499999 0.9699525578125 0.77147525625 0.930416446875 0.766806721875 0.8223510812500001 0.6174136328125 0.9014232984375001 0.5275443515625 0.8223510812500001 0.5275443515625 0.8276225609375001 0.5287114859375001 0.8987875609374999 0.6139122312499999 0.9699525578125