1 0.365777975 0.2715904640625 0.23077292656249998 0.22569287187499998 0.2316292453125 0.230731478125 0.21959089375000002 0.2754030890625 0.3518457421875 0.3282195609375 0.365777975 0.2715904640625
1 0.40141561562500006 0.1901281890625 0.37668 0.23409334531249998 0.5085560703125 0.2893013140625 0.520874434375 0.23241660625 0.40141561562500006 0.1901281890625
1 0.34674041093749997 0.3813437234375 0.21695574843749998 0.33382146874999996 0.2154406453125 0.3433874578125 0.20491739843749998 0.3784930796875 0.34067999531250004 0.41960767812500005 0.34674041093749997 0.3813437234375
1 0.293333003125 0.7185448265625001 0.15378264531250002 0.7013452015625 0.15710915 0.711678025 0.1280757828125 0.7487549125 0.2865150359375 0.7615917765625 0.293333003125 0.7185448265625001
1 0 0.735269525 0.12598436875000002 0.7410691953125 0.13128723281250002 0.7075882359375 0 0.68895655 0 0.735269525
1 0.1861761328125 0.517711140625 0.015007162499999999 0.4807946828125 0.014727154687499999 0.4930077796875 0.013788357812499999 0.5198254734375001 0.17489533125 0.5575997578125 0.1861761328125 0.517711140625
1 0.221188475 0.23398080000000002 0.07185613125 0.205425903125 0.074227553125 0.2008985203125 0.05601373125 0.23233458593749998 0.2135141890625 0.27198914375 0.221188475 0.23398080000000002
1 0.4759487625 0.4116142734375 0.37579006718749997 0.38594473749999997 0.36981213125 0.3923523921875 0.364031725 0.41840325 0.46875202031249996 0.4570527203125 0.4759487625 0.4116142734375
1 0.5965440359375 0.5067108593749999 0.45282714375 0.515817703125 0.45254713437499994 0.5280308015624999 0.4534197390625 0.57474730625 0.5887872734374999 0.5765755015625 0.5965440359375 0.5067108593749999
1 0.526832975 0.90506844375 0.40888913281250006 0.793231378125 0.40803281562500004 0.7881927703125 0.387266328125 0.8461909171875 0.5158484718749999 0.9744218625000001 0.526832975 0.90506844375
1 0.972362925 0.2647015265625 0.6168004046875 0.357926809375 0.6180355 0.36057391875 0.605815903125 0.42728022968749996 0.963189825 0.353953759375 0.972362925 0.2647015265625
1 0.6243610703125 0.44253644531249997 0.600150553125 0.5048305859375 0.9596321734375 0.48086773125000004 0.9651987578125001 0.39349577343750003 0.6243610703125 0.44253644531249997
1 0.9005268359375 0.81226339375 0.57953169375 0.697684034375 0.57241743125 0.71126618125 0.5620917140625 0.7660150046875 0.8771252078125 0.9286799203125 0.9005268359375 0.81226339375