1 0.23984375 0.75234375 0.26875 0.1078125
1 0.240625 0.72109375 0.2625 0.0828125
1 0.253125 0.8 0.290625 0.096875
1 0.2765625 0.8359375 0.2546875 0.08125
1 0.4578125 0.20234375 0.3296875 0.10625
1 0.45546875 0.24765625 0.3515625 0.1015625
1 0.46484375 0.29296875 0.3578125 0.1125
1 0.48359375 0.34375 0.3703125 0.11875
1 0.5015625 0.44296875 0.3515625 0.10625
1 0.50859375 0.4875 0.3546875 0.1140625
1 0.52421875 0.590625 0.35 0.1109375
1 0.5515625 0.68671875 0.3453125 0.1171875
1 0.55859375 0.7890625 0.353125 0.1140625
1 0.5671875 0.884375 0.3453125 0.1125
1 0.53984375 0.63359375 0.353125 0.1140625
1 0.5609375 0.73359375 0.3578125 0.1078125
1 0.49140625 0.3875 0.359375 0.1171875