1 0.49921875 0.5 0.9953125 1
1 0.653594771875 0.1606714625 0.90849673125 0.21103117500000002 0.9052287578125 0.129496403125 0.6552287578125 0.07913669062499999 0.3986928109375 0.129496403125 0.39379084999999997 0.131894484375 0.39379084999999997 0.2038369296875 0.653594771875 0.1606714625
1 0.6568627453125 0.23980815312499998 0.9052287578125 0.27098321406250003 0.9003267968750001 0.1990407671875 0.66013071875 0.14628297343750002 0.3905228765625 0.182254196875 0.38725490156250003 0.189448440625 0.38725490156250003 0.2613908875 0.6568627453125 0.23980815312499998
1 0.6568627453125 0.393285371875 0.91013071875 0.43165467656249995 0.90849673125 0.3285371703125 0.6650326796875 0.294964028125 0.385620915625 0.3069544359375 0.382352940625 0.3117506 0.385620915625 0.398081534375 0.6568627453125 0.393285371875
1 0.3513071890625 0.503597121875 0.6552287578125 0.5251798562500001 0.66013071875 0.4388489203125 0.3611111109375 0.42206235000000003 0.098039215625 0.4292565953125 0.09477124218750001 0.4292565953125 0.08333333281250001 0.501199040625 0.3513071890625 0.503597121875
1 0.3431372546875 0.5947242203124999 0.651960784375 0.6139088734375 0.651960784375 0.5131894484374999 0.35620915000000003 0.5131894484374999 0.099673203125 0.503597121875 0.098039215625 0.5131894484374999 0.098039215625 0.5923261390625 0.3431372546875 0.5947242203124999
1 0.34150326875000003 0.7841726625 0.66013071875 0.7793764984375 0.651960784375 0.6666666671875 0.3594771234375 0.6834532375 0.09477124218750001 0.6690647484375 0.09477124218750001 0.664268584375 0.081699346875 0.7529976015625001 0.34150326875000003 0.7841726625
1 0.349673203125 0.872901678125 0.6568627453125 0.8561151078125 0.66176470625 0.760191846875 0.3578431375 0.767386090625 0.08333333281250001 0.73621103125 0.08333333281250001 0.7290167859375 0.081699346875 0.8393285374999999 0.349673203125 0.872901678125
1 0.0930741203125 0.8109530765624999 0.078431371875 0.9040767390625 0.35620915000000003 0.9544364515625 0.6633986921874999 0.9376498796874999 0.653594771875 0.8249400484375 0.3578431375 0.8441247000000001 0.0930741203125 0.8109530765624999
1 0.9166666671874999 0.498800959375 0.9166666671874999 0.4124700234375 0.66013071875 0.393285371875 0.65849673125 0.393285371875 0.66176470625 0.4844124703125 0.9166666671874999 0.498800959375
1 0.903594771875 0.6474820140624999 0.91013071875 0.546762590625 0.6568627453125 0.5419664265625 0.6552287578125 0.5419664265625 0.653594771875 0.63069544375 0.903594771875 0.6474820140624999
1 0.903594771875 0.7913669062500001 0.8986928109375001 0.709832134375 0.6522046593749999 0.71701926875 0.6454248359375 0.8105515593750001 0.903594771875 0.7913669062500001
1 0.9052287578125 0.9424460437500001 0.9133986921874999 0.8752997609375001 0.6568627453125 0.8848920859374999 0.6552287578125 0.8848920859374999 0.6486928109375001 0.971223021875 0.9052287578125 0.9424460437500001
1 0.38725490156250003 0.187050359375 0.38725490156250003 0.1127098328125 0.10294117656249999 0.045563548437500004 0.099673203125 0.045563548437500004 0.0931372546875 0.131894484375 0.38725490156250003 0.187050359375
1 0.4068627453125 0.26858513125 0.40849673124999997 0.242206234375 0.40196078437500005 0.16786570781250001 0.098039215625 0.129496403125 0.09150326875 0.13669064687500002 0.08333333281250001 0.21103117500000002 0.4068627453125 0.26858513125
1 0.3921568625 0.3261390890625 0.39379084999999997 0.25419664218750004 0.09640522812499999 0.1966426859375 0.098039215625 0.2062350125 0.09477124218750001 0.285371703125 0.3921568625 0.3261390890625
1 0.40032679687500006 0.4028776984375 0.39379084999999997 0.31414868125 0.09640522812499999 0.26858513125 0.09477124218750001 0.27577937656249996 0.098039215625 0.366906475 0.40032679687500006 0.4028776984375