1 0.44563279843750003 0.017825310937499998 0.190130334375 0.0046096671875 0.15300059531250002 0.9046345812500001 0.47385620937499995 0.9491978609375 0.73232323125 0.96033868125 0.7739156281249999 0.0757575765625 0.5020796187500001 0.0802139046875 0.44563279843750003 0.017825310937499998
1 0.9982174687500001 1 0.993761140625 0.6149732625000001 0.9194890078125001 0.6060606046875 0.8496732031249999 0.5793226375 0.8481877593749999 0.5793226375 0.824420678125 0.991532978125 0.8734402859375001 1 0.9982174687500001 1
1 0.65234375 0.090625 0.2640625 0.08671875
1 0.64609375 0.13671875 0.2640625 0.0828125
1 0.65 0.18125 0.271875 0.09140625
1 0.65 0.2359375 0.271875 0.10234375
1 0.65390625 0.2828125 0.25859375 0.09765625
1 0.646875 0.3328125 0.271875 0.1
1 0.6375 0.415625 0.2734375 0.0828125
1 0.63984375 0.45703125 0.28671875 0.0890625
1 0.63359375 0.515625 0.278125 0.12265625
1 0.6265625 0.61171875 0.2734375 0.1
1 0.62109375 0.66640625 0.25859375 0.09375
1 0.7308377890625 0.79099821875 0.7293523468750001 0.744206775 0.4649435546875 0.7220496125 0.4649435546875 0.7709447421875 0.7308377890625 0.79099821875
1 0.727866903125 0.8422459906249999 0.727866903125 0.8043672015625001 0.4649435546875 0.7709447421875 0.46642899531250004 0.77540106875 0.46642899531250004 0.8177361859375001 0.727866903125 0.8422459906249999
1 0.73232323125 0.8845811046875 0.73232323125 0.83110516875 0.45603089687500004 0.7932263828125 0.45900178281250004 0.799910871875 0.4679144375 0.8645276296875 0.73232323125 0.8845811046875
1 0.73232323125 0.9358288781249999 0.733808675 0.8823529406249999 0.46726834687499996 0.85125656875 0.45306001093750004 0.9113190734375 0.73232323125 0.9358288781249999
1 0.46345811093749995 0.0846702328125 0.46197266875 0.0133689828125 0.1945929890625 0.0066844921875 0.19310754531250002 0.004456328125000001 0.17825311875 0.0601604296875 0.46345811093749995 0.0846702328125
1 0.4649435546875 0.14037433125 0.4783125375 0.0868983953125 0.191003796875 0.0647977234375 0.184194890625 0.11586452656249999 0.4649435546875 0.14037433125
1 0.43969102812500005 0.187165775 0.5035650625 0.21613190625 0.5035650625 0.1626559703125 0.46939988125000004 0.133689840625 0.1827094484375 0.10695187187499999 0.1827094484375 0.10918003750000001 0.1767676765625 0.1737967921875 0.43969102812500005 0.187165775
1 0.44711824218749996 0.2228164 0.18568033281250002 0.1983065953125 0.18568033281250002 0.242869875 0.45008912656250005 0.2673796796875 0.44711824218749996 0.2228164
1 0.46197266875 0.33199643437500004 0.46048722499999994 0.2785205 0.184194890625 0.2361853828125 0.1812240046875 0.23172905625 0.17825311875 0.2963458109375 0.46197266875 0.33199643437500004
1 0.4708853234375 0.3721033875 0.4708853234375 0.32531194375 0.18568033281250002 0.294117646875 0.190136659375 0.2963458109375 0.1633986921875 0.33422459843749996 0.4708853234375 0.3721033875
1 0.46939988125000004 0.47014260312499995 0.472370765625 0.40998217343750004 0.20647652968750002 0.376559715625 0.2049910859375 0.360962565625 0.19756387343749998 0.43226381406250003 0.46939988125000004 0.47014260312499995
1 0.4708853234375 0.5548128328125 0.4679144375 0.5013369 0.21093285781249999 0.47014260312499995 0.209447415625 0.47682709531249995 0.19310754531250002 0.5080213890625 0.4708853234375 0.5548128328125
1 0.47385620937499995 0.6016042765625 0.4783125375 0.5503565078125 0.209447415625 0.51247771875 0.207961971875 0.516934046875 0.207961971875 0.5614973265625001 0.47385620937499995 0.6016042765625
1 0.46345811093749995 0.6773618531250001 0.4649435546875 0.6283422453124999 0.19310754531250002 0.5860071296875 0.191622103125 0.583778965625 0.1886512171875 0.6483957234375 0.46345811093749995 0.6773618531250001
1 0.44117647031249996 0.7664884140625 0.4426619140625 0.7040998203125 0.173796790625 0.6751336890624999 0.17528223437499998 0.6840463453125001 0.1648841359375 0.7352941171875 0.44117647031249996 0.7664884140625
1 0.4352347 0.7954545468750001 0.167855021875 0.759803921875 0.1633986921875 0.8221925125 0.432263815625 0.8689839578124999 0.4352347 0.7954545468750001
1 0.42483660156249997 0.9113190734375 0.42335115781250005 0.8422459906249999 0.17528223437499998 0.8132798578125 0.173796790625 0.8244206765625 0.17082590625 0.8600713015625001 0.42483660156249997 0.9113190734375