1 0.8196109453125 0.5767902859375 0.7197715390625 0.5519535234374999 0.7125246515625 0.6072041890625 0.8159225812500001 0.619068934375 0.8705558578125 0.6254660578125 0.8708429515624999 0.5826690765625 0.8196109453125 0.5767902859375
1 0.7076857421875 0.5522952609375 0.7101985796875 0.5459254390625 0.6052605875 0.524793015625 0.5975922312499999 0.5732091109375 0.7011359765625 0.6031444609375 0.7076857421875 0.5522952609375
1 0.742687721875 0.3502927 0.764622128125 0.34474301875 0.7666405921874999 0.3225033265625 0.7676862765625 0.3159011328125 0.7442118062499999 0.3121831421875 0.648498209375 0.2992795359375 0.6429212234375 0.3344912390625 0.742687721875 0.3502927
1 0.6419324671875 0.3027515 0.6415109984375 0.29591693124999996 0.5534817328125 0.281974465625 0.5407147921875 0.3340949015625 0.63789554375 0.34723088281250003 0.6419324671875 0.3027515
1 0.6056820562499999 0.5316275874999999 0.6037934328125 0.5245606406250001 0.52051419375 0.5091145671875 0.5113057750000001 0.548262990625 0.5906779281250001 0.578881809375 0.6056820562499999 0.5316275874999999
1 0.9536093921875001 0.3859553515625 0.904423265625 0.37365315625 0.8988462796875 0.40886486250000004 0.956908240625 0.43159660312500003 0.984784175 0.43601171718750004 0.9894897890625 0.3981835234375 0.9536093921875001 0.3859553515625
1 0.922733221875 0.5998910640624999 0.877527090625 0.581451425 0.872298665625 0.614462396875 0.9243461921874999 0.6181940421875 0.9456563843750001 0.6260811187499999 0.9519114171874999 0.595946409375 0.922733221875 0.5998910640624999
1 0.9142698593749999 0.776769728125 0.9160855765625 0.774801371875 0.872986790625 0.7905345765625 0.878028446875 0.8251721734374999 0.9094629062499999 0.8166152703125 0.9142698593749999 0.776769728125
1 0.7562136796875001 0.8916042640624999 0.8292797671875001 0.8670817843749999 0.8329681296875 0.824803134375 0.8321980984374999 0.8201692968750001 0.7748492390624999 0.8404133296875 0.674864015625 0.797505965625 0.6613999500000001 0.8540278625 0.7562136796875001 0.8916042640624999
1 0.27356983281249997 0.548960265625 0.449555453125 0.5678098968749999 0.4564537765625 0.5147599640625 0.45707799375 0.5013231984375001 0.296882509375 0.4872304203125 0.153449940625 0.4622569953125 0.14906445625 0.5089371078125 0.27356983281249997 0.548960265625
1 0.08535058281249999 0.9207062890625 0.1717796578125 0.9542475671874999 0.24660453124999998 0.9660986640625 0.383936978125 0.9251349015624999 0.3911269359375 0.9082261703125001 0.39809816875 0.8642115390624999 0.23331445468749998 0.9170702046875 0.10097892500000001 0.8600153031250001 0.08535058281249999 0.9207062890625
1 0 0.887290825 0.08535058281249999 0.9207062890625 0.0984660859375 0.866385121875 0.0965774625 0.8593181796874999 0 0.8175962390624999 0 0.887290825
1 0.2238753703125 0.06508644687500001 0.219546815625 0.073424625 0.102320278125 0.072905271875 0.096613453125 0.1374236125 0.21936004687500002 0.14107319375 0.2238753703125 0.06508644687500001
1 0.22110285468750002 0.13006953593749998 0.3680210390625 0.133035646875 0.5062980921875 0.20005534531250002 0.50809783125 0.15070975312499998 0.509143515625 0.1441075578125 0.3681349 0.0563517765625 0.2311382328125 0.05721301875 0.22025991562499997 0.11640039687499999 0.22110285468750002 0.13006953593749998
1 0.045999109375 0.44749439375 0.032462134375 0.49498099062499995 0.14515736875000002 0.5241098531249999 0.15025171406249999 0.4553356 0.045999109375 0.44749439375