1 1 0.2009237875 0.9444444437499999 0.224018475 0.828431371875 0.2263279453125 0.7385620921875 0.26327944531249997 0.668300653125 0.279445728125 0.6650326796875 0.2009237875 0.5392156859375 0.19399538125 0.534313725 0.122401846875 0.2908496734375 0.10392609687500001 0.26633986875 0.124711315625 0.26633986875 0.1270207859375 0.014705882812500001 0.099307159375 0.009803921875 0.10392609687500001 0 0.8337182453124999 0.259803921875 0.81062355625 0.26797385625 0.9307159359374999 0.91013071875 0.8406466515625001 0.903594771875 0.695150115625 1 0.704387990625 1 0.2009237875
1 0.4109375 0.17109375 0.23671875 0.05546875
1 0.40703125 0.2296875 0.2453125 0.0578125
1 0.40078125 0.296875 0.25 0.04375
1 0.4 0.36875 0.2453125 0.0484375
1 0.40078125 0.43515625 0.24375 0.0484375
1 0.39921875 0.50546875 0.24375 0.03671875
1 0.14609375 0.1671875 0.26328125 0.0578125
1 0.14375 0.27109375 0.26484375 0.0625
1 0.13984375 0.37734375 0.26640625 0.053125
1 0.13671875 0.478125 0.27265625 0.05546875
1 0.1375 0.57890625 0.26796875 0.0484375
1 0.12890625 0.69140625 0.2453125 0.0296875
1 0.4234375 0.81171875 0.3203125 0.0484375
1 0.77421875 0.6359375 0.2484375 0.0578125
1 0.7734375 0.7265625 0.253125 0.04375
1 0.7734375 0.79921875 0.26015625 0.06484375