1 1 0.8489304796875 0.9982174687500001 0.77540106875 0.182743746875 0.6069880171875 0.1723113484375 0.62611408125 1 0.8489304796875
1 0.19609375 0.61484375 0.065625 0.04921875
1 0.26796875 0.6296875 0.0671875 0.0421875
1 0.34921875 0.6453125 0.0828125 0.06015625
1 0.46328125 0.66640625 0.11875 0.07578125
1 0.6125 0.71171875 0.15625 0.08671875
1 0.821875 0.7609375 0.23046875 0.1359375
1 0.22875817031249998 0.7531194296875 0.23024361249999997 0.713012478125 0.167855021875 0.6885026734374999 0.166369578125 0.6885026734374999 0.1633986921875 0.7263814609375 0.22875817031249998 0.7531194296875
1 0.298573975 0.7865418890625 0.298573975 0.7308377890625 0.236185384375 0.713012478125 0.23469994062500002 0.7085561499999999 0.23469994062500002 0.7620320859375 0.298573975 0.7865418890625
1 0.3921568625 0.826648840625 0.396613190625 0.76426025 0.30566884375000003 0.7356567875 0.3015448609375 0.7954545468750001 0.3921568625 0.826648840625
1 0.5288175875000001 0.8823529406249999 0.5288175875000001 0.8288770046874999 0.40849673124999997 0.7776292328125 0.40701128906250006 0.7820855609375 0.3995840765625 0.8444741546874999 0.5288175875000001 0.8823529406249999
1 0.7011289359374999 0.9692513359375001 0.7055852640625 0.8934937625 0.5451574578125 0.835561496875 0.5436720140625 0.8422459906249999 0.53030303125 0.9046345812500001 0.7011289359374999 0.9692513359375001
1 0.9150326796874999 1 0.9209744515624999 0.975935828125 0.7156684796875 0.9028232718750001 0.7085561499999999 0.9625668453125 0.9150326796874999 1
1 0.157456921875 0.7308377890625 0.167855021875 0.6885026734374999 0.11483172187499999 0.67303754375 0.10843731406249998 0.7152406421874999 0.157456921875 0.7308377890625
1 0.1648841359375 0.630570409375 0.1693404640625 0.5815508015625 0.114379084375 0.5748663109375001 0.1128936421875 0.5748663109375001 0.10843731406249998 0.619429590625 0.1648841359375 0.630570409375