1 0.1207904484375 0.5236386640624999 0.114379084375 0.5659536546874999 0.1693404640625 0.5681818187500001 0.27332144999999997 0.5726381468749999 0.2748068921875 0.516934046875 0.1723113484375 0.525846703125 0.1207904484375 0.5236386640624999
1 0.3921568625 0.557040996875 0.3921568625 0.5080213890625 0.2852049921875 0.51247771875 0.2866904328125 0.5191622109375 0.2852049921875 0.5704099828125 0.3921568625 0.557040996875
1 0.2837195484375 0.31417112187499996 0.3847296484375 0.31417112187499996 0.3847296484375 0.2785205 0.2881758765625 0.2762923359375 0.26440879375000004 0.2762923359375 0.26440879375000004 0.2829768265625 0.2629233515625 0.30525846875 0.2837195484375 0.31417112187499996
1 0.48573975 0.329768271875 0.48128342343749997 0.2762923359375 0.3921568625 0.2762923359375 0.3906714203125 0.2829768265625 0.387700534375 0.3275401078125 0.48573975 0.329768271875
1 0.48128342343749997 0.5459001796875 0.4783125375 0.505793225 0.39364230624999996 0.5080213890625 0.3906714203125 0.5147058828125 0.39809863437500004 0.563725490625 0.48128342343749997 0.5459001796875
1 0.032464248437499996 0.3228639796875 0.0311942953125 0.360962565625 0.05941770625 0.360962565625 0.12032085625 0.34759358281249997 0.12032085625 0.31194295781250003 0.06981580625 0.3163992875 0.032464248437499996 0.3228639796875
1 0.0386430375 0.5240706296875 0.040106953125 0.5548128328125 0.0623885921875 0.5503565078125 0.114379084375 0.5548128328125 0.114379084375 0.521390375 0.0668449203125 0.53253119375 0.0386430375 0.5240706296875
1 0.075757575 0.7620320859375 0.086155675 0.728609625 0.046048721875 0.7063279859375 0.047534165625 0.7085561499999999 0.046048721875 0.7486631 0.075757575 0.7620320859375
1 0.18568033281250002 0.8467023156250001 0.2852049921875 0.8244206765625 0.2807486640625 0.7664884140625 0.17528223437499998 0.7932263828125 0.12180629843749999 0.76426025 0.12032085625 0.768716578125 0.11734997031250001 0.81105169375 0.18568033281250002 0.8467023156250001
1 0.7159833625 0.583778965625 0.8452168734375001 0.563725490625 0.8481877593749999 0.516934046875 0.7026143796875 0.5191622109375 0.5421865718750001 0.5080213890625 0.5407011296875 0.521390375 0.5392156859375 0.5748663109375001 0.7159833625 0.583778965625
1 0.7531194296875 1 0.8437314312499999 0.98039215625 0.8377896625 0.9180035656250001 0.69815805 0.9536541890624999 0.5436720140625 0.8756684484375 0.5436720140625 0.920231728125 0.5481283421875001 0.9380570421875 0.6773618546875 1 0.7531194296875 1
1 0.9655377296875001 0.9536541890624999 0.9640522875 0.8868092703125001 0.8422459890624999 0.9180035656250001 0.8392751046875 0.92468805625 0.8437314312499999 0.98039215625 0.9655377296875001 0.9536541890624999
1 0.9551396328124999 0.2049910875 0.9595959593750001 0.14037433125 0.8437314312499999 0.12254902031249999 0.8407605468750001 0.1136363625 0.8333333328125001 0.1893939390625 0.9551396328124999 0.2049910875
1 0.6877599531249999 0.1581996453125 0.8333333328125001 0.1782531203125 0.8363042187499999 0.164884134375 0.8348187765624999 0.1047237078125 0.69964349375 0.08244206875 0.5466428999999999 0.1470588234375 0.5466428999999999 0.15374331562500002 0.5407011296875 0.2027629234375 0.6877599531249999 0.1581996453125
1 0.9625668453125 0.5681818187500001 0.9566250734375 0.5191622109375 0.85242935625 0.5105981796875 0.8467023171875001 0.5793226375 0.9625668453125 0.5681818187500001