1 0.5543672015625 0.017825310937499998 0.49792038125 0.0802139046875 0.226084371875 0.0757575765625 0.26767676875 0.96033868125 0.526143790625 0.9491978609375 0.8469994046875 0.9046345812500001 0.8098696656250001 0.0046096671875 0.5543672015625 0.017825310937499998
1 0.1265597140625 1 0.175579321875 0.991532978125 0.151812240625 0.5793226375 0.150326796875 0.5793226375 0.08051099218749999 0.6060606046875 0.006238859375 0.6149732625000001 0.0017825312499999998 1 0.1265597140625 1
1 0.34765625 0.090625 0.2640625 0.0875
1 0.35390625 0.13671875 0.2640625 0.0828125
1 0.35 0.18125 0.271875 0.090625
1 0.35 0.2359375 0.271875 0.103125
1 0.34609375 0.2828125 0.259375 0.096875
1 0.353125 0.3328125 0.271875 0.1
1 0.3625 0.415625 0.2734375 0.0828125
1 0.36015625 0.45703125 0.2875 0.0890625
1 0.36640625 0.515625 0.278125 0.121875
1 0.3734375 0.61171875 0.2734375 0.1
1 0.37890625 0.66640625 0.259375 0.09375
1 0.270647653125 0.744206775 0.2691622109375 0.79099821875 0.5350564453125 0.7709447421875 0.5350564453125 0.7220496125 0.270647653125 0.744206775
1 0.5335710046875 0.77540106875 0.5350564453125 0.7709447421875 0.272133096875 0.8043672015625001 0.272133096875 0.8422459906249999 0.5335710046875 0.8177361859375001 0.5335710046875 0.77540106875
1 0.5409982171875 0.799910871875 0.543969103125 0.7932263828125 0.26767676875 0.83110516875 0.26767676875 0.8845811046875 0.5320855625 0.8645276296875 0.5409982171875 0.799910871875
1 0.266191325 0.8823529406249999 0.26767676875 0.9358288781249999 0.5469399890625 0.9113190734375 0.532731653125 0.85125656875 0.266191325 0.8823529406249999
1 0.8068924546874999 0.004456328125000001 0.8054070109374999 0.0066844921875 0.53802733125 0.0133689828125 0.5365418890625 0.0846702328125 0.82174688125 0.0601604296875 0.8068924546874999 0.004456328125000001
1 0.5216874625 0.0868983953125 0.5350564453125 0.14037433125 0.8158051093750001 0.11586452656249999 0.808996203125 0.0647977234375 0.5216874625 0.0868983953125
1 0.560308971875 0.187165775 0.8232323234375001 0.1737967921875 0.8172905515625001 0.10918003750000001 0.8172905515625001 0.10695187187499999 0.53060011875 0.133689840625 0.4964349375 0.1626559703125 0.4964349375 0.21613190625 0.560308971875 0.187165775
1 0.8143196671874999 0.1983065953125 0.5528817578125 0.2228164 0.5499108734375 0.2673796796875 0.8143196671874999 0.242869875 0.8143196671874999 0.1983065953125
1 0.8187759953124999 0.23172905625 0.8158051093750001 0.2361853828125 0.539512775 0.2785205 0.53802733125 0.33199643437500004 0.82174688125 0.2963458109375 0.8187759953124999 0.23172905625
1 0.809863340625 0.2963458109375 0.8143196671874999 0.294117646875 0.5291146765625 0.32531194375 0.5291146765625 0.3721033875 0.8366013078125001 0.33422459843749996 0.809863340625 0.2963458109375
1 0.7950089140625 0.360962565625 0.7935234703125 0.376559715625 0.527629234375 0.40998217343750004 0.53060011875 0.47014260312499995 0.8024361265625 0.43226381406250003 0.7950089140625 0.360962565625
1 0.790552584375 0.47682709531249995 0.7890671421875 0.47014260312499995 0.5320855625 0.5013369 0.5291146765625 0.5548128328125 0.8068924546874999 0.5080213890625 0.790552584375 0.47682709531249995
1 0.792038028125 0.516934046875 0.790552584375 0.51247771875 0.5216874625 0.5503565078125 0.526143790625 0.6016042765625 0.792038028125 0.5614973265625001 0.792038028125 0.516934046875
1 0.808377896875 0.583778965625 0.8068924546874999 0.5860071296875 0.5350564453125 0.6283422453124999 0.5365418890625 0.6773618531250001 0.8113487828125001 0.6483957234375 0.808377896875 0.583778965625
1 0.8247177656250001 0.6840463453125001 0.8262032093749999 0.6751336890624999 0.5573380859375 0.7040998203125 0.5588235296875 0.7664884140625 0.8351158640625 0.7352941171875 0.8247177656250001 0.6840463453125001
1 0.8321449781249999 0.759803921875 0.5647653 0.7954545468750001 0.567736184375 0.8689839578124999 0.8366013078125001 0.8221925125 0.8321449781249999 0.759803921875
1 0.8262032093749999 0.8244206765625 0.8247177656250001 0.8132798578125 0.5766488421875 0.8422459906249999 0.5751633984375 0.9113190734375 0.8291740937500001 0.8600713015625001 0.8262032093749999 0.8244206765625