1 0.0622791 0.346880928125 0.1046580359375 0.8102709828125001 0.5382396046875 0.896629890625 0.6650968374999999 0.7154504578124999 0.6411128984375 0.2924998015625 0.6013918078125 0.263068928125 0.0622791 0.346880928125
1 0.2875059078125 0.5873725078125 0.5445399656250001 0.6005664046875 0.6109021593749999 0.5486076375 0.6086217265625 0.50509436875 0.39484755625 0.48478523593749995 0.2902845625 0.5363219734375 0.288471509375 0.5364169921874999 0.2875059078125 0.5873725078125
1 0.2830408953125 0.6409354671874999 0.5490135234375 0.6512368671875 0.61925520625 0.6039228734375001 0.612841903125 0.5509300265625 0.547659309375 0.5907067515625 0.2869991453125 0.57770289375 0.2867457640625 0.5728680875000001 0.2830408953125 0.6409354671874999
1 0.2885030921875 0.628591371875 0.280935078125 0.67013435 0.5461081812499999 0.699869996875 0.61053063125 0.6455888484375001 0.6079968171875 0.597240771875 0.5429409125 0.6394349015625 0.2885030921875 0.628591371875
1 0.2908477953125 0.720519759375 0.556147590625 0.7526728125 0.6182502249999999 0.6888170625 0.6148295734375 0.6235471593749999 0.5402889484375 0.692902840625 0.29299299218749997 0.6573822046875 0.2949327390625 0.659704590625 0.2908477953125 0.720519759375
1 0.2914418671875 0.7665454515625 0.542617309375 0.8067108578125 0.6148381171875 0.7277805796875 0.61243099375 0.6818499078125 0.538689896875 0.7317713390625 0.2974665546875 0.7080526671875 0.2975932453125 0.7104700703125 0.2914418671875 0.7665454515625
1 0.2949834 0.7551658765625 0.27883780625 0.8035666515625 0.5416517109375001 0.857666375 0.6202378953125 0.761434196875 0.6189709875 0.737260159375 0.542110546875 0.7970412437500001 0.2949834 0.7551658765625
1 0.37122994375 0.415725721875 0.6033007140625 0.4035634078125 0.6592519734375 0.39578304062499997 0.6550317953125 0.34994738281250004 0.5981937015625001 0.340805925 0.3811341171875 0.3618777078125 0.381514190625 0.36912992187500004 0.37122994375 0.415725721875
1 0.37697642187499997 0.398657215625 0.37313030468749997 0.45198677812500004 0.6111469984375 0.44920902656250006 0.64791481875 0.4569782796875 0.653432740625 0.38881588125 0.60473369375 0.39621617656249997 0.37697642187499997 0.398657215625
1 0.1671875 0.36796875 0.2046875 0.059375
1 0.1671875 0.39453125 0.196875 0.0578125
1 0.17109375 0.43984375 0.21875 0.0578125
1 0.1796875 0.48203125 0.2046875 0.05625
1 0.184375 0.52109375 0.209375 0.065625
1 0.17890625 0.56796875 0.2046875 0.05625
1 0.18203125 0.6046875 0.19375 0.078125
1 0.1875 0.64375 0.1984375 0.096875
1 0.190625 0.68359375 0.20625 0.090625
1 0.1921875 0.72109375 0.19375 0.096875
1 0.1921875 0.759375 0.190625 0.096875