1 0.6890625 0.165625 0.184375 0.0609375
1 0.71171875 0.32890625 0.2125 0.078125
1 0.73828125 0.54140625 0.1984375 0.08125
1 0.75234375 0.65078125 0.1984375 0.0703125
1 0.54609375 0.67734375 0.209375 0.06875
1 0.56953125 0.9390625 0.2078125 0.06875
1 0.32421875 0.5859375 0.2109375 0.0875
1 0.1140625 0.6171875 0.2078125 0.071875
1 0.12890625 0.728125 0.2140625 0.0828125
1 0.2875 0.3125 0.2046875 0.0890625
1 0.3625 0.9609375 0.203125 0.078125
1 0.8765625 0.2 0.1859375 0.08125
1 0.93515625 0.89609375 0.1296875 0.0890625
1 0.75703125 0.71015625 0.2 0.06875
1 0.553125 0.7296875 0.20625 0.071875
1 0.278125 0.15703125 0.2109375 0.0765625
1 0.49140625 0.1453125 0.209375 0.06875