1 0.23046875 0.0484375 0.3453125 0.090625
1 0.2390625 0.11796875 0.3484375 0.109375
1 0.24765625 0.17265625 0.33125 0.084375
1 0.25078125 0.2265625 0.3375 0.078125
1 0.25703125 0.2734375 0.3328125 0.0828125
1 0.25234375 0.359375 0.328125 0.0796875
1 0.259375 0.425 0.3328125 0.06875
1 0.26015625 0.50625 0.3421875 0.0859375
1 0.2640625 0.6046875 0.3359375 0.0671875
1 0.2703125 0.7 0.3375 0.0671875
1 0.27578125 0.79765625 0.325 0.0625
1 0.28359375 0.88671875 0.346875 0.0671875
1 0.28671875 0.940625 0.3390625 0.071875
1 0.27265625 0.75625 0.334375 0.06875