1 0.510620915625 0.6415525125 0.510620915625 0.59360730625 0.42347494531249996 0.5913242000000001 0.42347494531249996 0.5890410953125 0.4166666671875 0.6278538828125 0.510620915625 0.6415525125
1 0.913671025 0.8059360734375 0.9150326796874999 0.7534246578125 0.7475490203125 0.70776255625 0.7475490203125 0.7054794515625 0.7448257078125 0.7465753421875 0.913671025 0.8059360734375
1 0.34453125 0.63125 0.10859375 0.05234375
1 0.35703125 0.46484375 0.0875 0.0390625
1 0.46328125 0.45859375 0.09296875 0.05
1 0.3609375 0.30859375 0.07890625 0.03671875
1 0.55390625 0.334375 0.0765625 0.0390625
1 0.56875 0.6140625 0.09375 0.04140625
1 0.5640625 0.49296875 0.07890625 0.03203125
1 0.1756535953125 0.365296803125 0.1756535953125 0.29452054843750003 0.0885076265625 0.28310502187500003 0.0885076265625 0.2968036515625 0.09123093593750001 0.34931506875 0.1756535953125 0.365296803125
1 0.17837690625 0.55936073125 0.1742919390625 0.5136986296875 0.0762527234375 0.5205479453125 0.0776143796875 0.52283105 0.078976034375 0.5958904109375001 0.17837690625 0.55936073125
1 0.1811002171875 0.7694063921875001 0.1756535953125 0.72374429375 0.09123093593750001 0.773972603125 0.0939542484375 0.7785388140625 0.100762528125 0.84931506875 0.1811002171875 0.7694063921875001
1 0.2627995640625 0.3926940625 0.260076253125 0.34703196406250003 0.2192265796875 0.3356164390625 0.2205882359375 0.3378995421875 0.2192265796875 0.3858447484375 0.2627995640625 0.3926940625
1 0.243736384375 0.22374429375 0.2450980390625 0.1643835609375 0.170206971875 0.1301369859375 0.170206971875 0.132420090625 0.170206971875 0.200913240625 0.243736384375 0.22374429375
1 0.762527234375 0.3584474875 0.759803921875 0.30593607343749996 0.6753812625 0.3036529671875 0.6712962953125 0.3036529671875 0.65904139375 0.3538812796875 0.762527234375 0.3584474875