1 0.319746915625 0.9675644468750001 0.5497264328125 0.9000954859375 0.5313510046875 0.8516330953125 0.5296886890625 0.8496212015625 0.31396793437500004 0.9114026031250001 0.256404859375 0.9007354078124999 0.2622708671875 0.9520858234375 0.319746915625 0.9675644468750001
1 0.59609375 0.21015625 0.109375 0.065625
1 0.49765625 0.24140625 0.1 0.0578125
1 0.5640625 0.5171875 0.1046875 0.065625
1 0.66796875 0.48671875 0.1078125 0.06875
1 0.7203125 0.18515625 0.1078125 0.059375
1 0.821875 0.16015625 0.1078125 0.053125
1 0.8578125 0.740625 0.10625 0.0671875
1 0.95 0.7203125 0.0953125 0.05
1 0.63125 0.78671875 0.1171875 0.08125
1 0.0734375 0.3296875 0.1 0.0578125
1 0.134375 0.609375 0.10625 0.065625